0,50         4-88         12-11         47         20,8          47          174   P
1,00         10-37         12-09         95         19,1          49          219
1,50         12-14         11-90         143         17,8          51          265
2,00         13-34         12-21         189         16,7          53          310
2,50         13-67         12-32         236         15,5          54          356
3,00         14-98         12-44         344         14,2          56          461
3,50         15-80         12-38         490         13,3          56          600
4,00         15-98         12-54         680         11,7          57          787
4,50         15-90         12-63         833         10,4          57          937
5,00         16-51         12-68         995         9,4          56          1094
5,50         16-58         12-86         1187         8,5          54          1286
6,00         17-53         12-81         1332         7,7          53          1426
6,50         18-78         12-74         1520         6,3          53          1607
7,00         19-57         12-67         1699         5,1          54          1777
7,50         20-39         12-61         1897         3,9          54          1967
8,00         20-52         12-59         2099         2,8          54          2161
8,50         20-83         12-41         2267         1,9          53          2313
9,00         21-05         12-24         2429         1,3          53          2457
9,50         21-27         12-34         2608         0,8          51          2637
10,00         21-33         12-21         2770         0,0          50          2781
10,50         21-08         12-13         2967         -0,7          45          2963
11,00         21-31         12-10         3051         -1,3          45          3040
11,50         21-32         12-06         3296         -1,6          42          3270
12,00         21-21         12-17         3437         -2,4          38          3417
12,50         21-05         12-10         3608         -3,5          38          3572
13,00         21-04         12-00         3784         -4,6          39          3728
13,50         20-95         12-06         3949         -5,4          40          3893
14,00         20-84         12-03         4121         -6,1          38          4052
14,50         21-06         12-08         4288         -6,5          36          4218
15,00         21-12         12-04         4469         -7,4          34          4385
15,50         21-57         11-92         4663         -8,2          31          4551
16,00         21-98         11-95         4836         -9,5          29          4720
16,50         22-46         11-83         5029         -10,7          29          4883
17,00         22-96         11-73         5224         -10,9          27          5050
17,50         23-72         11-70         5403         -11,6          27          5213
18,00         24-62         11-43         5637         -12,4          34          5375
18,50         25-54         11-24         5856         -13,5          39          5536
19,00         26-22         10-93         6118         -14,2          42          5700
19,50         26-70         10-78         6347         -15,0          41          5865
20,00         27-05         10-67         6569         -16,1          40          6034
20,50         27-49         10-44         6831         -17,4          39          6196
21,00         27-70         10-31         7065         -18,7          39          6359
21,50         28-27         10-17         7316         -19,8          39          6527
22,00         28-80         9-99         7593         -20,7          39          6700
22,50         29-17         9-80         7877         -21,7          39          6869
23,00         29-31         9-58         8196         -23,0          38          7039
23,50         29-62         9-42         8486         -24,3          37          7206
24,00         29-94         9-29         8765         -25,8          36          7374
24,50         30-29         9-08         9106         -27,0          37          7541
25,00         30-60         8-87         9463         -28,2          37          7708
25,50         31-01         8-70         9813         -29,5          37          7880
26,00         31-34         8-48         10211         -30,8          37          8051
26,50         31-68         8-26         10624         -32,0          37          8216
27,00         31-81         8-02         11093         -33,3          37          8387
27,50         32-01         7-77         11588         -34,4          38          8551
28,00         32-22         7-59         12039         -35,6          38          8719
28,50         32-37         7-37         12556         -36,8          38          8882
29,00         32-51         7-14         13114         -37,9          39          9043
29,50         32-59         6-99         13577         -39,1          39          9207
30,00         32-65         6-80         14150         -40,2                       9371
30,50         32-79         6-67         14631         -41,1                       9536
31,00         32-88         6-52         15161         -42,1                       9700
31,50         32-89         6-38         15716         -43,0                       9864
32,00         32-97         6-23         16299         -43,8                       10024
32,50         33-02         6-12         16810         -44,5                       10183
33,00         33-01         6-03         17309         -45,4                       10341
33,50         33-04         5-93         17817         -46,4                       10502
34,00         33-06         5-89         18217         -46,7                       10660
34,50         33-07         5-84         18624         -46,8                       10826
35,00         33-05         5-86         18876         -46,9                       10996
35,50         33-05         5-85         19170         -48,3                       11156
36,00         33-04         5-86         19393         -49,9                       11303
36,50         33-03         5-86         19663         -50,8                       11449
37,00         33-01         5-87         19883         -51,8                       11603
37,50         32-98         5-87         20139         -52,7                       11767
38,00         32-97         5-88         20433         -54,0                       11939
38,50         32-95         5-90         20679         -55,0                       12120
39,00         32-93         5-88         21039         -55,9                       12298
39,50         32-90         5-90         21277         -56,3                       12479
40,00         32-73         5-90         21602         -55,4                       12657
40,50         32-60         5-94         21774         -54,5                       12841
41,00         32-38         5-94         22086         -54,7                       13022
41,50         32-22         6-00         22210         -55,0                       13212
42,00         32-04         6-03         22441         -56,0                       13402
42,50         31-86         6-09         22584         -56,8                       13598
43,00         31-64         6-13         22800         -56,6                       13795
43,50         31-42         6-17         22978         -54,7                       13986
44,00         31-22         6-20         23178         -54,8                       14156
44,50         31-03         6-24         23308         -54,9                       14309
45,00         30-82         6-27         23421         -55,0                       14446
45,50         30-62         6-34         23411         -55,8                       14578
46,00         30-40         6-34         23611         -55,7                       14690
46,50         30-15         6-38         23654         -55,1                       14793
47,00         29-93         6-42         23657         -55,6                       14888
47,50         29-70         6-49         23618         -56,1                       14987
48,00         29-48         6-50         23716         -56,6                       15080
48,50         29-17         6-51         23829         -56,7                       15166
49,00         28-94         6-59         23748         -57,2                       15262
49,50         28-66         6-59         23875         -57,4                       15354
50,00         28-42         6-63         23923         -57,7                       15448
50,50         28-10         6-66         23962         -57,9                       15543
51,00         27-89         6-66         24116         -58,1                       15633
51,50         27-71         6-67         24247         -58,2                       15736
52,00         27-53         6-69         24382         -58,1                       15867
52,50         27-32         6-68         24656         -58,1                       16022
53,00         27-17         6-71         24848         -57,5                       16209
53,50         26-93         6-73         25098         -58,0                       16419
54,00         26-81         6-74         25414         -57,1                       16635
54,50         26-60         6-74         25751         -56,7                       16852
55,00         26-42         6-74         26054         -57,3                       17050
55,50         26-30         6-78         26188         -57,2                       17226
56,00         26-15         6-79         26404         -57,4                       17381
56,50         26-04         6-77         26673         -57,6                       17519
57,00         25-93         6-77         26857         -58,1                       17647
57,50         25-84         6-75         27119         -57,7                       17758
58,00         25-77         6-76         27262         -57,8                       17887
58,50         25-72         6-80         27405         -58,4                       18067
59,00         25-63         6-82         27672         -58,8                       18290
59,50         25-56         6-87         27909         -58,9                       18542
60,00         25-45         6-89         28217         -59,1                       18802
60,50         25-41         6-90         28560         -59,0                       19056
61,00         25-34         6-91         28879         -58,3                       19287
61,50         25-32         6-92         29143         -58,4                       19487
62,00         25-30         6-94         29357         -58,4                       19668
62,50         25-27         6-96         29543         -58,2                       19832
63,00         25-30         6-94         29841         -57,5                       19980
63,50         25-30         6-97         29958         -57,6                       20129
64,00         25-28         7-04         29951         -57,2                       20302
64,50         25-25         7-08         30156         -57,3                       20526
65,00         25-23         7-12         30414         -58,0                       20797
65,50         25-20         7-15         30757         -58,3                       21098
66,00         25-22         7-21         31018         -58,7                       21429
66,50         25-20         7-27         31327         -58,3                       21774
67,00         25-19         7-29         31744         -57,3                       22122
67,50         25-23         7-37         32000         -57,1                       22486
68,00         25-24         7-42         32314         -57,0                       22818
68,50         25-26         7-46         32576         -56,4                       23112
69,00         25-24         7-53         32724         -55,7                       23374
69,50         25-25         7-56         32947         -55,6                       23594
70,00         25-28         7-59         33056         -55,6                       23759
70,50         25-29         7-65         33030         -55,2                       23867
71,00         25-32         7-65         31893         -54,6                       23067
71,50         25-36         7-68         31946         -54,8                       23164
72,00         25-37         7-72         31984         -54,6                       23289
72,50         25-38         7-76         32114         -55,3                       23466
73,00         25-38         7-77         32361         -55,0                       23687
73,50         25-44         7-78         32664         -54,4                       23932
74,00         25-47         7-80         32897         -53,0                       24136
74,50         25-58         7-85         32954         -52,7                       24295
75,00         25-66         7-90         32964         -52,8                       24425
75,50         25-76         7-94         32980         -52,8                       24531
76,00         25-85         8-03         32894         -52,9                       24661
76,50         25-89         8-05         33049         -51,9                       24826
77,00         26-02         8-09         33156         -52,0                       25003
77,50         26-18         8-15         33201         -52,1                       25176
78,00         26-28         8-15         33402         -52,2                       25331
78,50         26-39         8-22         33406         -52,2                       25485
79,00         26-54         8-29         33385         -51,2                       25641
79,50         26-61         8-32         33490         -50,2                       25790
80,00         26-71         8-37         33543         -50,0                       25937
80,50         26-86         8-42         33606         -49,9                       26084
81,00         27-00         8-48         33604         -49,9                       26237
81,50         27-01         8-54         33662         -49,8                       26394
