0,50         20-19         8-02         155         12,8          56          214   P
1,00         23-13         7-65         326         12,3          50          333
1,50         23-85         7-31         510         11,2          49          452
2,00         24-24         7-05         702         10,0          50          571
2,50         23-91         6-79         907         8,8          49          691
3,00         24-13         6-70         1165         7,6          49          851
3,50         24-27         6-55         1386         6,3          50          977
4,00         24-45         6-35         1644         5,0          51          1114
4,50         24-56         6-23         1927         3,7          52          1269
5,00         24-75         6-03         2258         2,4          57          1431
5,50         24-89         6-00         2552         1,1          59          1599
6,00         24-99         5-88         2845         -0,3          63          1741
6,50         24-94         5-86         3144         -1,7          66          1911
7,00         25-02         5-81         3375         -3,0          68          2029
7,50         24-91         5-89         3674         -3,7          65          2223
8,00         24-84         5-94         4009         -5,0          62          2436
8,50         24-92         5-89         4158         -6,4          61          2503
9,00         24-99         5-85         4402         -7,8          62          2631
9,50         25-09         5-78         4686         -9,2          65          2765
10,00         25-11         5-68         5110         -10,4          67          2961
10,50         25-16         5-57         5384         -11,7          70          3065
11,00         25-28         5-48         5775         -12,6          72          3232
11,50         25-14         5-57         6074         -9,5          60          3443
12,00         24-97         5-59         6315         -9,0          45          3588
12,50         24-80         5-58         6588         -9,9          36          3732
13,00         24-59         5-59         6856         -10,4          31          3887
13,50         24-39         5-58         7140         -11,4          29          4040
14,00         24-22         5-57         7441         -12,1          30          4196
14,50         23-97         5-52         7771         -13,0          29          4346
15,00         23-75         5-49         8088         -14,2          32          4499
15,50         23-47         5-49         8378         -15,5          34          4655
16,00         23-18         5-41         8771         -16,8          37          4807
16,50         22-91         5-36         9131         -17,5          39          4958
17,00         22-59         5-31         9495         -18,2          38          5108
17,50         22-22         5-25         9880         -18,6          37          5259
18,00         21-82         5-12         10393         -19,5          36          5405
18,50         21-48         5-06         10804         -20,6          35          5559
19,00         21-21         4-97         11282         -21,3          35          5704
19,50         20-95         4-91         11705         -22,2          33          5851
20,00         20-69         4-82         12208         -23,3          32          6005
20,50         20-36         4-74         12734         -24,5          34          6160
21,00         20-08         4-67         13218         -25,6          37          6308
21,50         19-80         4-58         13764         -26,9          39          6449
22,00         19-51         4-50         14315         -28,1          42          6593
22,50         19-22         4-44         14808         -29,5          45          6736
23,00         18-97         4-36         15374         -30,5          47          6879
23,50         18-71         4-27         15998         -31,5          50          7022
24,00         18-50         4-20         16606         -32,6          52          7164
24,50         18-27         4-15         17119         -33,6          54          7314
25,00         18-05         4-05         17866         -34,9          55          7458
25,50         17-83         3-97         18583         -36,0          56          7599
26,00         17-62         3-88         19310         -36,2          56          7738
26,50         17-46         3-84         19889         -37,2          55          7879
27,00         17-27         3-76         20598         -38,2          55          8021
27,50         17-10         3-70         21282         -39,4          55          8173
28,00         16-94         3-60         22253         -40,4                       8308
28,50         16-80         3-53         23026         -41,5                       8453
29,00         16-61         3-44         24013         -42,7                       8587
29,50         16-48         3-38         24796         -44,0                       8725
30,00         16-31         3-31         25715         -45,1                       8864
30,50         16-17         3-24         26626         -46,1                       8999
31,00         16-05         3-19         27449         -46,4                       9136
31,50         15-92         3-14         28299         -47,5                       9272
32,00         15-83         3-08         29180         -48,4                       9406
32,50         15-71         3-00         30386         -49,4                       9536
33,00         15-60         2-95         31276         -50,3                       9666
33,50         15-50         2-90         32263         -51,1                       9798
34,00         15-40         2-84         33322         -51,8                       9930
34,50         15-28         2-79         34339         -52,1                       10064
35,00         15-15         2-76         35270         -52,3                       10201
35,50         15-05         2-69         36474         -51,8                       10325
36,00         14-99         2-65         37419         -51,8                       10438
36,50         14-90         2-61         38401         -52,2                       10557
37,00         14-85         2-58         39379         -50,9                       10691
37,50         14-82         2-55         40292         -50,2                       10837
38,00         14-73         2-53         41146         -49,6                       10981
38,50         14-67         2-52         41956         -49,1                       11125
39,00         14-63         2-50         42670         -48,2                       11263
39,50         14-60         2-46         43927         -48,1                       11380
40,00         14-56         2-44         44720         -47,5                       11491
40,50         14-54         2-43         45344         -47,2                       11607
41,00         14-52         2-40         46292         -47,7                       11719
41,50         14-49         2-40         46689         -47,5                       11842
42,00         14-48         2-41         47104         -47,9                       11977
42,50         14-48         2-36         48512         -47,6                       12098
43,00         14-45         2-37         48811         -47,4                       12234
43,50         14-44         2-36         49602         -47,1                       12373
44,00         14-38         2-35         50333         -47,6                       12516
44,50         14-37         2-34         51213         -48,1                       12660
45,00         14-35         2-34         51836         -47,7                       12811
45,50         14-33         2-32         52708         -47,5                       12963
46,00         14-34         2-33         53308         -47,5                       13123
46,50         14-34         2-31         54299         -47,6                       13280
47,00         14-32         2-30         55089         -47,8                       13438
47,50         14-31         2-30         55895         -48,1                       13597
48,00         14-29         2-30         56584         -49,0                       13758
48,50         14-27         2-29         57280         -49,6                       13920
49,00         14-25         2-29         57980         -49,7                       14083
49,50         14-21         2-29         58812         -48,9                       14244
50,00         14-20         2-26         60169         -49,0                       14389
50,50         14-20         2-26         60672         -49,4                       14541
51,00         14-20         2-27         61068         -49,5                       14704
51,50         14-20         2-24         62434         -49,3                       14851
52,00         14-19         2-25         62999         -48,5                       15002
52,50         14-18         2-25         63495         -48,5                       15159
53,00         14-17         2-25         64152         -48,8                       15317
53,50         14-14         2-26         64672         -49,9                       15480
54,00         14-12         2-27         65087         -50,3                       15651
54,50         14-11         2-25         66294         -50,5                       15810
55,00         14-11         2-24         67194         -50,4                       15963
55,50         14-11         2-25         67505         -50,9                       16124
56,00         14-11         2-27         67740         -51,3                       16293
56,50         14-08         2-28         68134         -51,7                       16469
57,00         14-05         2-30         68370         -52,2                       16654
57,50         14-02         2-28         69640         -52,6                       16821
58,00         14-02         2-28         70277         -52,6                       16985
58,50         14-02         2-27         71079         -52,3                       17141
59,00         14-02         2-27         71838         -52,7                       17289
59,50         14-02         2-28         72142         -53,4                       17441
60,00         13-99         2-31         71940         -53,4                       17610
60,50         14-03         2-28         73269         -52,9                       17757
61,00         14-04         2-28         73857         -53,1                       17899
