0,50         31-77         4-49         308         -5,8          67          299   P
1,00         31-91         5-42         518         -5,5          67          439
1,50         31-95         5-47         771         -5,9          67          578
2,00         32-83         5-78         980         -6,9          65          718
2,50         32-78         5-71         1238         -8,3          63          857
3,00         32-97         5-59         1534         -9,7          62          1007
3,50         33-02         5-61         1835         -11,1          62          1177
4,00         33-24         5-68         2130         -12,5          63          1353
4,50         33-46         5-68         2387         -13,6          64          1498
5,00         33-59         5-78         2634         -14,6          64          1658
5,50         33-87         5-79         2927         -15,5          64          1827
6,00         34-08         5-79         3230         -17,0          63          2000
6,50         34-29         5-75         3573         -18,0          62          2185
7,00         34-30         5-81         3824         -19,3          61          2346
7,50         34-12         5-89         4104         -20,7          60          2535
8,00         34-07         5-90         4403         -21,8          60          2710
8,50         34-02         5-88         4732         -23,3          60          2892
9,00         34-05         5-85         5068         -24,5          59          3073
9,50         34-11         5-88         5329         -26,0          59          3239
10,00         34-10         5-85         5669         -27,1          59          3421
10,50         34-04         5-84         5980         -27,8          58          3592
11,00         33-99         5-79         6400         -29,0          56          3804
11,50         33-92         5-75         6708         -29,9          54          3961
12,00         33-94         5-74         7018         -30,2          52          4129
12,50         33-98         5-67         7400         -30,8          50          4302
13,00         33-97         5-58         7836         -31,4          47          4480
13,50         33-94         5-44         8344         -32,3          44          4660
14,00         33-91         5-34         8840         -33,2          42          4848
14,50         33-91         5-15         9493         -34,3          40          5036
15,00         33-90         5-04         10062         -35,3          38          5228
15,50         33-85         4-92         10681         -36,4          37          5424
16,00         33-84         4-82         11292         -37,6          37          5620
16,50         33-83         4-74         11881         -39,1          36          5816
17,00         33-82         4-66         12488         -40,5                       6011
17,50         33-81         4-58         13110         -41,8                       6204
18,00         33-80         4-49         13750         -42,9                       6395
18,50         33-80         4-44         14337         -43,5                       6589
19,00         33-77         4-38         14968         -44,2                       6787
19,50         33-73         4-35         15522         -44,7                       6992
20,00         33-67         4-30         16170         -45,9                       7195
20,50         33-62         4-25         16812         -46,6                       7394
21,00         33-59         4-19         17505         -46,5                       7600
21,50         33-55         4-15         18172         -46,8                       7809
22,00         33-55         4-08         18969         -47,8                       8016
22,50         33-56         4-02         19694         -47,8                       8229
23,00         33-55         3-94         20592         -48,6                       8444
23,50         33-57         3-89         21400         -48,5                       8659
24,00         33-61         3-80         22402         -49,2                       8872
24,50         33-63         3-76         23205         -50,6                       9087
25,00         33-64         3-71         24038         -49,8                       9303
25,50         33-63         3-69         24762         -50,3                       9527
26,00         33-63         3-66         25535         -50,1                       9747
26,50         33-59         3-64         26236         -50,1                       9965
27,00         33-55         3-63         26946         -50,1                       10187
27,50         33-50         3-65         27407         -50,4                       10417
28,00         33-44         3-65         28025         -50,4                       10649
28,50         33-39         3-63         28796         -49,4                       10878
29,00         33-31         3-66         29198         -49,2                       11114
29,50         33-25         3-66         29823         -48,9                       11346
30,00         33-18         3-67         30348         -47,8                       11577
30,50         33-11         3-71         30653         -47,6                       11813
31,00         33-02         3-75         30935         -47,8                       12054
31,50         32-92         3-80         31207         -48,3                       12295
32,00         32-83         3-85         31447         -48,9                       12543
32,50         32-68         3-87         31931         -48,9                       12792
33,00         32-58         3-85         32629         -48,7                       13028
33,50         32-48         3-86         33148         -47,5                       13259
34,00         32-36         3-93         33187         -47,5                       13498
34,50         32-31         3-96         33554         -48,6                       13734
35,00         32-23         3-97         34021         -50,9                       13965
35,50         32-17         4-01         34265         -50,9                       14193
36,00         32-12         4-09         34212         -51,2                       14431
36,50         31-96         4-16         34273         -51,2                       14676
37,00         31-85         4-19         34629         -51,8                       14913
37,50         31-74         4-20         35062         -51,5                       15138
38,00         31-62         4-22         35368         -51,8                       15358
38,50         31-46         4-27         35549         -52,4                       15580
39,00         31-29         4-30         35825         -51,5                       15801
39,50         31-15         4-32         36144         -51,4                       16018
40,00         30-98         4-35         36382         -50,9                       16240
40,50         30-83         4-36         36794         -50,8                       16448
41,00         30-67         4-42         36833         -51,7                       16663
41,50         30-54         4-45         37061         -52,1                       16874
42,00         30-39         4-48         37304         -52,5                       17084
42,50         30-23         4-50         37602         -52,3                       17296
43,00         30-11         4-55         37689         -52,5                       17506
43,50         29-96         4-58         37924         -52,7                       17714
44,00         29-82         4-60         38171         -53,3                       17917
44,50         29-70         4-62         38431         -53,0                       18119
45,00         29-55         4-66         38578         -54,0                       18316
45,50         29-39         4-72         38541         -54,3                       18520
46,00         29-24         4-77         38628         -54,9                       18748
46,50         29-06         4-84         38641         -55,9                       18972
47,00         28-91         4-90         38647         -56,7                       19187
47,50         28-75         4-92         38902         -56,6                       19401
48,00         28-56         4-93         39244         -55,2                       19613
48,50         28-41         4-93         39646         -54,3                       19817
49,00         28-26         4-93         40101         -53,3                       20022
49,50         28-11         4-93         40511         -53,4                       20226
50,00         27-96         4-92         40938         -53,2                       20423
50,50         27-78         4-99         40851         -53,2                       20641
51,00         27-61         5-01         41200         -52,8                       20855
51,50         27-47         5-02         41534         -53,0                       21064
52,00         27-32         5-01         41966         -53,7                       21273
52,50         27-22         5-03         42259         -54,3                       21490
53,00         27-10         5-03         42674         -53,9                       21704
53,50         26-98         5-10         42613         -54,5                       21930
54,00         26-84         5-12         42914         -55,4                       22153
54,50         26-64         5-16         43052         -56,3                       22386
55,00         26-52         5-15         43538         -56,1                       22615
55,50         26-39         5-14         44061         -55,9                       22839
56,00         26-31         5-16         44379         -56,0                       23067
56,50         26-21         5-16         44769         -56,2                       23293
57,00         26-08         5-23         44753         -57,2                       23531
57,50         25-96         5-22         45248         -57,9                       23760
58,00         25-86         5-26         45356         -57,8                       24003
58,50         25-75         5-27         45796         -57,4                       24247
59,00         25-64         5-28         46135         -57,3                       24498
59,50         25-59         5-28         46618         -57,8                       24736
60,00         25-46         5-29         46977         -57,2                       24977
60,50         25-39         5-01         47976         -57,4                       24285
61,00         25-29         4-69         48282         -55,9                       23008
61,50         25-15         4-36         48299         -53,3                       21538
