0,50         58-11         5-36         208         18,6          69          255   P
1,00         57-00         5-53         405         17,8          70          366
1,50         56-05         6-15         554         16,8          70          477
2,00         55-52         6-89         671         16,0          70          587
2,50         55-73         7-10         818         15,5          70          698
3,00         56-19         7-14         1034         14,9          70          847
3,50         57-00         7-27         1223         13,8          70          988
4,00         58-04         7-30         1529         12,6          70          1202
4,50         58-62         7-60         1803         11,7          70          1433
5,00         58-39         7-83         2040         10,6          70          1635
5,50         57-80         7-49         2333         9,7          70          1792
6,00         57-13         7-23         2590         8,7          70          1923
6,50         56-61         6-89         2914         8,2          70          2068
7,00         56-31         6-63         3240         7,4          70          2217
7,50         56-19         6-40         3563         6,9          69          2358
8,00         56-08         6-19         3943         6,0          69          2524
8,50         55-86         6-04         4295         5,1          69          2684
9,00         55-67         5-85         4757         4,1          69          2881
9,50         55-36         5-67         5165         3,3          69          3033
10,00         55-05         5-46         5554         2,2          69          3147
10,50         54-84         5-27         6048         1,8          69          3317
11,00         54-61         5-12         6441         1,5          69          3433
11,50         54-45         4-96         6881         1,5          69          3558
12,00         54-35         4-78         7423         1,3          69          3704
12,50         54-24         4-65         7930         0,8          69          3854
13,00         54-15         4-47         8537         -0,1          69          3996
13,50         54-05         4-33         9107         -0,7          68          4137
14,00         53-91         4-19         9705         -1,2          68          4271
14,50         53-86         4-11         10203         -1,6          67          4405
15,00         53-79         4-00         10785         -1,9          66          4533
15,50         53-76         3-93         11269         -2,6          66          4656
16,00         53-62         3-87         11767         -3,2          65          4780
16,50         53-59         3-77         12363         -3,9          64          4900
17,00         53-51         3-69         12918         -4,5          64          5018
17,50         53-45         3-65         13398         -5,0          63          5140
18,00         53-44         3-59         13941         -5,6          62          5262
18,50         53-42         3-54         14454         -6,4          62          5386
19,00         53-37         3-50         14979         -7,0          62          5508
19,50         53-36         3-45         15501         -7,7          62          5631
20,00         53-36         3-41         16049         -8,4          61          5752
20,50         53-32         3-35         16648         -9,2          61          5869
21,00         53-33         3-30         17245         -9,9          60          5984
21,50         53-34         3-27         17715         -10,7          60          6101
22,00         53-36         3-26         18156         -11,5          59          6219
22,50         53-43         3-25         18588         -12,3          58          6342
23,00         53-42         3-23         19053         -13,0          57          6465
23,50         53-46         3-20         19614         -13,8          56          6587
24,00         53-46         3-18         20097         -14,7          56          6706
24,50         53-49         3-17         20452         -15,6          55          6828
25,00         53-49         3-16         20905         -16,4          54          6952
25,50         53-47         3-14         21372         -17,3          53          7074
26,00         53-49         3-13         21811         -18,2          52          7194
26,50         53-48         3-15         22053         -19,2          51          7322
27,00         53-48         3-16         22440         -20,1          51          7451
27,50         53-48         3-15         22882         -21,1          50          7581
28,00         53-47         3-15         23271         -22,1          49          7710
28,50         53-48         3-13         23791         -23,1          48          7839
29,00         53-45         3-15         24083         -24,3          47          7975
29,50         53-45         3-17         24349         -25,3          46          8115
30,00         53-44         3-19         24660         -26,5          45          8261
30,50         53-44         3-19         25104         -27,6          45          8408
31,00         53-45         3-19         25552         -28,9          44          8556
31,50         53-39         3-22         25809         -30,0          43          8711
32,00         53-38         3-22         26274         -31,2          43          8868
32,50         53-33         3-21         26834         -32,1          43          9022
33,00         53-32         3-24         27042         -33,3          44          9185
33,50         53-33         3-28         27251         -34,4          44          9363
34,00         53-29         3-28         27779         -35,8          43          9539
34,50         53-25         3-28         28309         -37,0          42          9719
35,00         53-23         3-23         29196         -38,3          41          9892
35,50         53-19         3-18         30137         -39,7          40          10055
36,00         53-15         3-18         30649         -41,5                       10225
36,50         53-13         3-17         31326         -42,7                       10392
37,00         53-15         3-17         31837         -43,9                       10560
37,50         53-18         3-10         32930         -44,4                       10719
38,00         53-21         3-08         33665         -44,7                       10882
38,50         53-23         3-04         34623         -45,6                       11039
39,00         53-24         2-99         35623         -46,4                       11190
39,50         53-27         2-96         36493         -47,4                       11339
40,00         53-29         2-94         37233         -48,2                       11487
40,50         53-36         2-92         37912         -48,8                       11636
41,00         53-42         2-92         38476         -47,8                       11786
41,50         53-48         2-88         39349         -47,4                       11930
42,00         53-52         2-88         39877         -46,5                       12078
42,50         53-62         2-88         40433         -46,2                       12222
43,00         53-73         2-86         41130         -46,2                       12361
43,50         53-82         2-85         41682         -45,5                       12499
44,00         53-93         2-85         42116         -45,2                       12629
44,50         54-00         2-86         42433         -44,6                       12765
45,00         54-14         2-85         43027         -44,4                       12894
45,50         54-24         2-85         43503         -44,7                       13022
46,00         54-41         2-81         44459         -44,5                       13127
46,50         54-51         2-82         44655         -44,8                       13237
47,00         54-63         2-80         45268         -44,9                       13339
47,50         54-78         2-80         45663         -44,7                       13441
48,00         54-90         2-79         46092         -44,6                       13541
48,50         54-99         2-79         46541         -44,9                       13638
49,00         55-12         2-76         47210         -44,7                       13729
49,50         55-22         2-75         47681         -45,1                       13817
50,00         55-34         2-73         48368         -45,3                       13903
50,50         55-47         2-76         48238         -45,6                       14005
51,00         55-59         2-74         48859         -46,2                       14102
51,50         55-68         2-74         49202         -46,2                       14201
52,00         55-79         2-76         49192         -46,4                       14313
52,50         55-90         2-76         49674         -46,7                       14425
53,00         56-03         2-75         50169         -47,1                       14536
53,50         56-14         2-72         51100         -47,5                       14628
54,00         56-25         2-72         51435         -47,9                       14725
54,50         56-34         2-74         51480         -48,2                       14833
55,00         56-42         2-73         51947         -48,5                       14937
55,50         56-50         2-76         51800         -49,0                       15061
56,00         56-56         2-76         52269         -49,2                       15182
56,50         56-65         2-74         53059         -49,6                       15288
57,00         56-74         2-71         53921         -49,6                       15386
57,50         56-78         2-70         54488         -49,9                       15480
58,00         56-85         2-71         54634         -50,2                       15588
58,50         56-92         2-70         55213         -50,0                       15696
59,00         57-01         2-74         54799         -50,4                       15833
59,50         57-08         2-76         54993         -50,5                       15979
60,00         57-20         2-74         55792         -51,2                       16120
60,50         57-29         2-77         55826         -51,7                       16281
61,00         57-35         2-78         56103         -52,9                       16450
61,50         57-41         2-80         56392         -52,9                       16626
62,00         57-49         2-83         56464         -51,8                       16831
62,50         57-56         2-82         57359         -51,4                       17032
63,00         57-64         2-84         57611         -51,4                       17237
63,50         57-73         2-87         57899         -51,1                       17456
64,00         57-76         2-79         59962         -50,8                       17628
64,50         57-83         2-91         58473         -50,6                       17862
65,00         57-95         2-95         58445         -50,9                       18125
65,50         58-04         3-00         58428         -51,6                       18401
66,00         58-07         3-01         59120         -52,5                       18680
66,50         58-12         3-03         59584         -53,3                       18968
67,00         58-12         3-01         60907         -54,1                       19233   P
67,50         58-16         3-03         61274         -54,7                       19506
68,00         58-17         3-04         62099         -54,8                       19772
68,50         58-22         3-03         63042         -55,1                       20035
69,00         58-23         3-05         63410         -55,1                       20303
69,50         58-31         3-01         64988         -54,7                       20541
70,00         58-31         3-04         65319         -53,7                       20795
70,50         58-40         3-03         66305         -53,3                       21039
71,00         58-38         3-02         67155         -53,0                       21260
71,50         58-45         3-04         67348         -53,7                       21478
72,00         58-47         3-03         68347         -54,2                       21678
72,50         58-49         3-03         68962         -54,1                       21873
73,00         58-53         2-96         70844         -53,9                       22016
73,50         58-61         2-80         71155         -56,0                       20946   P
74,00         58-65         2-68         70876         -52,3                       20056
