0,50         37-39         5-40         164         1,8          58          248   P
1,00         33-74         5-93         392         3,2          60          388
1,50         32-02         6-25         604         2,6          59          528
2,00         31-01         6-36         822         1,8          58          668
2,50         31-22         5-98         1104         0,9          57          807
3,00         31-67         5-70         1457         0,3          57          979
3,50         32-52         5-57         1780         0,6          59          1141
4,00         33-21         5-65         2055         0,0          62          1306
4,50         33-94         5-54         2421         0,8          64          1487
5,00         34-46         5-50         2746         1,5          57          1655
5,50         34-99         5-43         3114         0,9          53          1836
6,00         35-49         5-39         3435         0,2          53          1997
6,50         36-04         5-29         3812         -0,4          51          2166
7,00         36-57         5-20         4180         -0,9          51          2325
7,50         36-97         5-13         4566         -2,2          51          2496
8,00         37-42         5-01         5087         -2,8          49          2707
8,50         37-89         4-86         5589         -3,1          43          2885
9,00         38-45         4-65         6118         -4,2          38          3024
9,50         38-85         4-51         6733         -5,3          36          3224
10,00         39-27         4-39         7338         -6,2          35          3419
10,50         39-46         4-30         7857         -7,3          35          3582
11,00         39-61         4-20         8456         -8,4          36          3759
11,50         39-71         4-11         9041         -9,6          37          3930
12,00         39-78         4-00         9691         -10,9          39          4098
12,50         39-95         3-91         10330         -12,2          40          4268
13,00         40-02         3-80         11036         -12,9          41          4441
13,50         40-08         3-68         11833         -13,8          40          4612
14,00         40-20         3-55         12730         -15,2          39          4782
14,50         40-36         3-42         13671         -16,6          38          4948
15,00         40-50         3-31         14571         -18,0          37          5113
15,50         40-61         3-25         15330         -19,3          37          5281
16,00         40-64         3-20         16086         -20,7          37          5450
16,50         40-66         3-16         16808         -21,8          38          5621
17,00         40-67         3-15         17407         -23,1          39          5794
17,50         40-69         3-12         18105         -24,4          40          5965
18,00         40-67         3-11         18692         -25,7          41          6139
18,50         40-63         3-10         19299         -27,1          42          6316
19,00         40-58         3-07         19971         -28,5          43          6492
19,50         40-55         3-07         20533         -29,8          44          6670
20,00         40-53         3-08         21047         -31,1          44          6855
20,50         40-50         3-05         21835         -32,4          44          7035
21,00         40-51         3-03         22533         -33,9          44          7214
21,50         40-49         3-03         23095         -35,4          44          7398
22,00         40-50         2-98         24026         -36,8          44          7575
22,50         40-52         2-99         24551         -38,1          44          7755
23,00         40-47         2-98         25246         -39,3          43          7939
23,50         40-50         2-97         25915         -40,5                       8126
24,00         40-52         2-93         26862         -42,0                       8307
24,50         40-47         2-89         27827         -43,6                       8484
25,00         40-47         2-88         28486         -45,2                       8667
25,50         40-50         2-87         29216         -46,6                       8856
26,00         40-50         2-83         30191         -48,0                       9041
26,50         40-49         2-80         31165         -49,3                       9223
27,00         40-49         2-77         32119         -50,6                       9401
27,50         40-54         2-77         32758         -51,6                       9584
28,00         40-55         2-74         33755         -52,6                       9759
28,50         40-55         2-75         34232         -54,0                       9942
29,00         40-55         2-72         35226         -55,2                       10115
29,50         40-55         2-71         35922         -56,3                       10288
30,00         40-54         2-72         36402         -57,2                       10467
30,50         40-51         2-70         37321         -58,5                       10640
31,00         40-52         2-72         37657         -60,1                       10822
31,50         40-50         2-74         38092         -61,7                       11012
32,00         40-41         2-72         38965         -62,6                       11195
32,50         40-38         2-72         39677         -63,4                       11375
33,00         40-30         2-71         40380         -64,1                       11552
33,50         40-23         2-71         40989         -64,8                       11729
34,00         40-17         2-70         41765         -65,2                       11897
34,50         40-17         2-73         41968         -63,3                       12076
35,00         40-15         2-75         42308         -63,8                       12257
35,50         40-09         2-78         42408         -63,3                       12444
36,00         40-04         2-81         42729         -63,3                       12635
36,50         39-96         2-83         43052         -61,5                       12828
37,00         39-91         2-85         43366         -60,8                       13019
37,50         39-86         2-89         43532         -59,0                       13217
38,00         39-78         2-89         44165         -58,8                       13407
38,50         39-76         2-94         44113         -59,2                       13619
39,00         39-71         2-91         45166         -58,7                       13812
39,50         39-65         2-93         45469         -58,2                       14008
40,00         39-64         2-95         45784         -58,0                       14203
40,50         39-60         2-98         46045         -57,8                       14397
41,00         39-58         3-01         46131         -57,4                       14595
41,50         39-49         3-05         46285         -57,4                       14795
42,00         39-49         3-04         46908         -57,4                       14980
42,50         39-44         3-07         47073         -56,9                       15170
43,00         39-38         3-08         47559         -57,1                       15353
43,50         39-34         3-09         47909         -57,6                       15529
44,00         39-30         3-10         48279         -57,9                       15699
44,50         39-19         3-12         48553         -58,2                       15870
45,00         39-20         3-14         48815         -58,2                       16047
45,50         39-13         3-13         49460         -58,2                       16206
46,00         39-10         3-15         49619         -58,4                       16360
46,50         39-07         3-17         49741         -57,4                       16511
47,00         39-02         3-18         50129         -57,6                       16666
47,50         38-98         3-21         50192         -57,4                       16825
48,00         38-93         3-20         50664         -57,3                       16975
48,50         38-86         3-22         50882         -57,8                       17124
49,00         38-81         3-27         50606         -58,8                       17288
49,50         38-80         3-27         51036         -58,3                       17439
50,00         38-72         3-30         51127         -59,1                       17589
50,50         38-70         3-28         51710         -59,5                       17721
51,00         38-63         3-30         51789         -59,5                       17852
51,50         38-54         3-35         51457         -59,1                       17999
52,00         38-48         3-39         51408         -59,0                       18147
52,50         38-42         3-40         51566         -58,5                       18292
53,00         38-35         3-41         51890         -58,4                       18430
53,50         38-26         3-44         51898         -58,6                       18573
54,00         38-21         3-46         51979         -59,2                       18716
54,50         38-16         3-50         51815         -59,5                       18874
55,00         38-11         3-49         52398         -59,7                       19019
55,50         38-06         3-53         52196         -59,9                       19180
56,00         37-98         3-57         52198         -60,8                       19351
56,50         37-95         3-61         52120         -61,2                       19536
57,00         37-86         3-63         52392         -61,8                       19723
57,50         37-87         3-64         52706         -61,4                       19908
58,00         37-81         3-63         53322         -61,5                       20080
58,50         37-79         3-67         53213         -61,1                       20263
59,00         37-72         3-67         53763         -60,5                       20442
59,50         37-69         3-69         53866         -60,2                       20628
60,00         37-60         3-70         54272         -59,7                       20813
60,50         37-56         3-72         54440         -59,8                       21001
61,00         37-52         3-72         54982         -58,4                       21180
61,50         37-49         3-75         55002         -58,2                       21373
62,00         37-48         3-77         55265         -58,9                       21565
62,50         37-47         3-79         55450         -59,9                       21762
63,00         37-48         3-82         55577         -60,4                       21969
63,50         37-49         3-86         55608         -60,9                       22185
64,00         37-51         3-89         55804         -61,7                       22404
64,50         37-48         3-87         56581         -62,1                       22604
