0,50         7-29         8-66         143         6,1          50          283   P
1,00         10-78         10-41         255         5,1          50          396
1,50         14-79         9-90         393         4,1          50          509
2,00         16-14         9-91         524         3,6          50          621
2,50         18-73         9-62         667         2,7          50          734
3,00         19-43         8-96         898         1,6          50          894
3,50         19-93         8-62         1098         0,3          50          1032
4,00         19-86         8-58         1306         -0,3          50          1191
4,50         19-92         8-20         1528         -1,3          50          1327
5,00         19-96         8-23         1684         -3,1          50          1449
5,50         19-99         8-31         1906         -2,9          50          1627
6,00         20-03         8-26         2103         -3,2          50          1771
6,50         20-65         7-99         2305         -3,8          50          1881
7,00         20-92         7-70         2547         -4,7          50          2009
7,50         20-99         7-38         2870         -5,4          50          2174
8,00         21-11         7-02         3223         -6,5          50          2333
8,50         21-08         6-81         3502         -7,4          50          2460
9,00         21-07         6-67         3736         -8,0          50          2573
9,50         21-21         6-46         4118         -9,0          50          2749
10,00         21-16         6-36         4478         -9,8          50          2936
10,50         21-11         6-27         4706         -10,9          50          3044
11,00         21-05         6-23         4935         -11,9          50          3164
11,50         20-99         6-18         5344         -12,9          50          3391
12,00         20-84         6-11         5632         -14,1          50          3534
12,50         20-70         6-07         5914         -15,5          50          3680
13,00         20-54         5-95         6273         -16,4          50          3832
13,50         20-38         5-83         6651         -17,2          50          3983
14,00         20-16         5-73         7014         -17,9          50          4128
14,50         19-88         5-66         7359         -18,7          50          4278
15,00         19-60         5-58         7701         -19,8          50          4420
15,50         19-25         5-47         8109         -20,6          50          4565
16,00         18-95         5-39         8470         -21,6          50          4698
16,50         18-62         5-29         8836         -22,9          50          4817
17,00         18-34         5-22         9192         -23,7          50          4948
17,50         17-98         5-06         9719         -24,5          50          5086
18,00         17-69         5-00         10126         -25,7          50          5236
18,50         17-40         4-90         10612         -26,5          50          5380
19,00         17-10         4-80         11098         -27,4          50          5517
19,50         16-79         4-75         11498         -28,9          50          5657
20,00         16-44         4-68         11952         -29,7          50          5798
20,50         16-12         4-62         12391         -30,7          50          5934
21,00         15-84         4-56         12839         -31,9          50          6070
21,50         15-54         4-50         13300         -33,1          50          6207
22,00         15-24         4-40         13890         -34,2          50          6343
22,50         14-91         4-35         14329         -35,4          50          6476
23,00         14-62         4-25         14954         -36,3          50          6605
23,50         14-24         4-19         15462         -37,4          50          6735
24,00         13-93         4-09         16115         -38,5          50          6864
24,50         13-66         4-02         16673         -39,8          50          6991
25,00         13-41         3-96         17257         -40,8                       7116
25,50         13-14         3-86         17966         -42,0                       7239
26,00         12-91         3-78         18634         -43,5                       7359
26,50         12-72         3-71         19306         -45,2                       7482
27,00         12-50         3-65         19925         -46,6                       7620
27,50         12-25         3-54         20887         -47,8                       7760
28,00         12-08         3-42         21979         -48,8                       7900
28,50         11-87         3-33         22988         -49,7                       8042
29,00         11-72         3-20         24272         -50,5                       8172
29,50         11-63         3-15         25013         -51,1                       8311
30,00         11-50         3-07         26020         -50,3                       8438
30,50         11-36         3-06         26569         -49,4                       8572
31,00         11-21         3-02         27342         -50,0                       8715
31,50         11-05         2-95         28444         -50,1                       8854
32,00         10-92         2-91         29204         -50,2                       8979
32,50         10-81         2-85         30175         -51,0                       9097
33,00         10-73         2-82         30931         -52,1                       9223
33,50         10-69         2-79         31711         -52,1                       9351
34,00         10-62         2-77         32400         -52,8                       9483
34,50         10-58         2-74         33151         -52,2                       9607
35,00         10-52         2-72         33773         -50,6                       9734
35,50         10-50         2-70         34476         -49,9                       9853
36,00         10-43         2-67         35332         -49,9                       9984
36,50         10-41         2-64         36107         -50,3                       10111
37,00         10-39         2-62         36901         -50,3                       10235
37,50         10-39         2-60         37580         -49,6                       10357
38,00         10-37         2-59         38183         -49,3                       10483
38,50         10-32         2-57         38931         -48,2                       10612
39,00         10-33         2-56         39580         -48,5                       10743
39,50         10-34         2-54         40416         -49,7                       10867
40,00         10-32         2-50         41363         -49,6                       10985
40,50         10-31         2-50         41811         -49,5                       11103
41,00         10-33         2-50         42268         -48,9                       11224
41,50         10-34         2-49         42971         -48,9                       11342
42,00         10-34         2-45         44016         -49,7                       11448
42,50         10-33         2-44         44569         -49,2                       11556
43,00         10-34         2-41         45560         -49,0                       11657
43,50         10-36         2-42         45804         -48,7                       11770
44,00         10-36         2-40         46672         -49,3                       11870
44,50         10-38         2-37         47538         -49,4                       11963
45,00         10-37         2-39         47500         -49,1                       12070
45,50         10-40         2-36         48522         -49,0                       12166
46,00         10-40         2-35         49136         -49,5                       12258
46,50         10-39         2-36         49369         -49,1                       12358
47,00         10-40         2-35         49860         -48,4                       12456
47,50         10-39         2-36         50051         -48,9                       12564
48,00         10-39         2-35         50713         -49,9                       12665
48,50         10-39         2-36         51010         -50,3                       12769
49,00         10-40         2-36         51456         -51,0                       12883
49,50         10-41         2-36         51878         -51,4                       12986
50,00         10-40         2-35         52391         -51,5                       13090
50,50         10-39         2-37         52473         -52,1                       13203
51,00         10-38         2-37         52929         -52,5                       13318
51,50         10-36         2-40         52729         -52,6                       13453
52,00         10-37         2-38         53700         -52,9                       13575
52,50         10-39         2-36         54559         -52,9                       13691
53,00         10-42         2-34         55487         -52,6                       13800
53,50         10-44         2-34         55985         -52,5                       13904
54,00         10-44         2-34         56405         -52,6                       14008
54,50         10-44         2-34         56799         -53,0                       14111
55,00         10-43         2-35         57009         -53,4                       14226
55,50         10-42         2-36         57090         -54,0                       14346
56,00         10-43         2-36         57714         -54,6                       14464
56,50         10-44         2-34         58560         -55,0                       14573
57,00         10-46         2-34         59096         -54,7                       14684
57,50         10-47         2-32         59833         -55,1                       14789
58,00         10-50         2-30         60746         -55,1                       14876
58,50         10-52         2-30         61168         -56,1                       14957
59,00         10-54         2-30         61503         -56,6                       15043
59,50         10-54         2-30         61819         -56,6                       15117
60,00         10-54         2-30         62031         -57,1                       15203
60,50         10-55         2-29         62779         -57,3                       15275
61,00         10-55         2-30         62718         -58,1                       15368
61,50         10-52         2-33         62508         -57,7                       15468   P
62,00         6-64         2-37         61923         -58,6                       15574   P
62,50         6-64         2-36         62467         -58,9                       15674   P
63,00         6-73         2-56         58213         -60,3                       15785
63,50         6-84         2-59         57961         -61,2                       15914
64,00         6-94         2-58         58688         -61,5                       16047
64,50         10-76         2-53         60253         -60,5                       16165
65,00         10-79         2-53         60853         -60,8                       16301
65,50         10-83         2-50         62048         -60,6                       16447
66,00         10-87         2-51         62569         -60,2                       16630
66,50         10-85         2-52         62886         -59,5                       16824
67,00         10-84         2-54         63188         -59,5                       17010   P
67,50         10-56         2-28         70270         -59,0                       17016
68,00         10-52         2-28         70108         -59,5                       17027   P
