0,50         15-56         3-49         431         11,4          81          155   P
1,00         15-80         2-82         1060         10,1          80          309
1,50         16-18         2-35         1900         9,0          81          463
2,00         16-30         2-98         2008         7,9          81          617
2,50         16-60         2-72         2746         6,8          81          772
3,00         16-88         2-50         3481         6,0          80          902
3,50         16-99         2-33         4171         5,2          81          1008
4,00         17-02         2-32         4834         4,2          81          1162
4,50         17-03         2-29         5501         3,2          83          1307
5,00         17-06         2-16         6208         2,6          84          1393
5,50         17-07         2-17         6944         1,7          84          1562
6,00         17-11         2-18         7652         0,6          84          1734
6,50         17-10         2-17         8363         -0,5          85          1886
7,00         17-11         2-15         9179         -0,1          80          2053
7,50         17-26         2-11         9944         -1,3          74          2185
8,00         17-22         2-08         10723         -2,1          69          2322
8,50         17-24         2-03         11533         -2,7          65          2431
9,00         17-18         2-00         12340         -2,5          62          2567
9,50         17-13         1-98         13167         -2,3          60          2715
10,00         17-09         1-99         13956         -2,9          60          2893
10,50         17-11         1-98         14735         -3,8          59          3042
11,00         17-22         1-97         15524         -4,9          59          3183
11,50         17-37         1-96         16150         -5,5          59          3291
12,00         17-24         1-94         17032         -5,9          57          3433
12,50         17-41         1-95         17629         -6,6          55          3580
13,00         17-48         1-96         18251         -7,7          52          3727
13,50         17-53         1-96         19052         -8,5          51          3875
14,00         17-50         1-93         19884         -9,9          50          4023
14,50         17-54         1-90         20964         -10,0          47          4167
15,00         17-65         1-90         21680         -8,7          44          4316
15,50         17-67         1-92         22300         -9,4          42          4473
16,00         17-69         1-91         23148         -10,8          41          4634
16,50         17-70         1-91         24003         -11,7          41          4796
17,00         17-77         1-86         25325         -12,6          52          4953
17,50         17-81         1-84         26408         -13,9          60          5111
18,00         17-85         1-83         27467         -14,9          67          5267
18,50         17-91         1-81         28574         -15,7          71          5422
19,00         17-99         1-79         29699         -15,9          75          5577
19,50         18-03         1-75         31209         -16,3          77          5728
20,00         18-11         1-71         32701         -17,1          78          5876
20,50         18-14         1-68         33945         -18,4          79          6020
21,00         18-19         1-66         35315         -19,3          79          6161
21,50         18-22         1-63         36686         -19,8          80          6301
22,00         18-26         1-62         37669         -20,6          81          6448
22,50         18-31         1-62         38666         -21,1          82          6603
23,00         18-32         1-62         39553         -22,0          82          6769
23,50         18-36         1-63         40359         -23,1          81          6947
24,00         18-38         1-64         41180         -24,3          81          7137
24,50         18-37         1-65         42020         -24,9          79          7341
25,00         18-39         1-62         43871         -25,7          77          7538
25,50         18-38         1-60         45575         -26,5          76          7732
26,00         18-41         1-57         47435         -27,5          74          7920
26,50         18-40         1-54         49432         -28,7          73          8097
27,00         18-41         1-50         51707         -29,7          73          8258
27,50         18-45         1-48         53424         -30,7          72          8416
28,00         18-50         1-48         54462         -31,8          72          8579
28,50         18-48         1-48         55634         -32,9          71          8747
29,00         18-51         1-48         56709         -34,1          71          8922
29,50         18-57         1-43         59340         -35,3          70          9076
30,00         18-58         1-45         59821         -36,6          70          9248
30,50         18-59         1-43         61635         -37,8          69          9414
31,00         18-62         1-41         63538         -39,0          68          9574
31,50         18-67         1-39         65355         -40,5                       9729
32,00         18-65         1-40         66159         -41,9                       9895
32,50         18-71         1-37         68327         -43,1                       10052
33,00         18-76         1-32         71641         -44,6                       10181
33,50         18-77         1-33         72061         -45,8                       10324
34,00         18-82         1-33         73135         -46,8                       10471   P
34,50         18-84         1-30         75812         -47,8                       10599
35,00         18-88         1-30         76751         -48,8                       10730
35,50         18-90         1-30         77798         -49,8                       10865
36,00         18-86         1-32         77573         -51,1                       11022   P
36,50         18-93         1-32         78653         -52,5                       11185
37,00         18-93         1-31         80011         -54,2                       11346
37,50         19-01         1-29         82341         -55,5                       11494
38,00         19-03         1-30         83056         -57,0                       11655
38,50         19-01         1-30         84179         -58,3                       11821   P
39,00         19-03         1-31         84396         -58,1                       12005
39,50         19-03         1-31         85599         -57,8                       12191
40,00         19-05         1-31         86931         -58,1                       12382
40,50         19-13         1-29         89375         -57,5                       12554   P
41,00         19-12         1-30         90156         -57,0                       12737
41,50         19-08         1-29         92419         -56,2                       12905
42,00         19-10         1-26         95172         -55,3                       13053
42,50         19-14         1-29         94389         -55,3                       13234   P
43,00         19-18         1-27         97220         -54,6                       13388
43,50         19-24         1-30         95625         -54,1                       13584
44,00         19-20         1-32         95805         -54,2                       13803
44,50         19-22         1-34         96242         -54,2                       14035
45,00         19-21         1-34         97727         -54,3                       14263   P
45,50         19-21         1-34         99312         -53,8                       14489
46,00         19-22         1-36         99698         -54,4                       14732
46,50         19-23         1-32         104080         -54,0                       14929
47,00         19-27         1-33         104480         -53,3                       15139   P
47,50         19-39         1-33         105480         -53,6                       15354
48,00         19-41         1-33         107310         -54,0                       15561
48,50         19-41         1-36         106670         -53,6                       15798
49,00         19-39         1-38         106310         -53,4                       16062   P
49,50         19-41         1-38         108400         -53,8                       16314
50,00         19-37         1-35         112460         -53,7                       16519
50,50         19-39         1-33         114950         -53,7                       16701
51,00         19-40         1-32         116660         -54,7                       16868
51,50         19-39         1-34         116410         -56,3                       17038   P
52,00         19-36         1-34         117490         -57,5                       17185
52,50         19-34         1-34         118430         -57,4                       17313
53,00         19-34         1-33         119700         -57,0                       17421
53,50         19-35         1-33         120380         -56,2                       17525   P
54,00         19-36         1-33         121050         -56,4                       17631
54,50         19-36         1-35         120430         -56,5                       17757
55,00         19-36         1-36         120690         -56,8                       17891
55,50         19-35         1-37         120700         -57,2                       18035
56,00         19-34         1-38         120630         -57,5                       18192   P
56,50         19-36         1-40         119990         -56,9                       18369
57,00         19-40         1-38         122700         -57,6                       18512   P
57,50         19-41         1-39         123130         -56,9                       18657
58,00         19-44         1-42         121370         -55,1                       18838   P
58,50         19-46         1-43         121740         -55,1                       19023
59,00         19-48         1-44         121940         -55,1                       19216
59,50         19-52         1-46         121390         -54,6                       19428
60,00         19-55         1-47         122570         -55,3                       19629
60,50         19-54         1-47         123390         -55,4                       19826
61,00         19-56         1-49         123390         -56,1                       20035
61,50         19-55         1-50         123370         -56,3                       20258
62,00         19-54         1-48         126370         -57,1                       20443
62,50         19-56         1-50         126290         -57,7                       20642
63,00         19-56         1-50         127340         -58,0                       20832
63,50         19-55         1-50         128250         -59,0                       21012
64,00         19-58         1-51         128380         -57,2                       21192
64,50         19-56         1-49         131070         -57,1                       21326   P
65,00         19-55         1-52         129720         -57,8                       21481
65,50         19-54         1-52         130679         -57,6                       21618
66,00         19-54         1-52         130950         -57,5                       21746
66,50         19-55         1-55         129940         -57,3                       21887
67,00         19-54         1-53         131590         -57,5                       21995
67,50         19-56         1-58         128780         -58,2                       22145
68,00         19-59         1-58         129600         -58,7                       22277
68,50         19-60         1-60         128740         -57,1                       22420
69,00         19-59         1-64         126640         -57,5                       22596   P
69,50         19-59         1-68         124890         -58,0                       22803
