                                                    ТАБЛИЦЯ
                    значень висоти та температури на стандартних iзобаричних поверхнях за даними аерологiчної станцiї ферма
                                                 за березень 2022р.
 
------------------------------------------------------------------------------------------------------------------------------------------------------------------------------------------------------------------
 Д  |   Земля    |   1000    |    925    |    850    |    700    |     500   |     400   |     300   |     250   |     200   |     150   |     100   |     70    |     50    |     30    |     20    |     10    |
 А  |-------------------------------------------------------------------------------------------------------------------------------------------------------------------------------------------------------------
 Т  |  P   |  T  |   H  |  T |   H  |  T |   H  |  T |   H  |  T |   H  |  T |   H  |  T |   H  |  T |   H  |  T |   H  |  T |   H  |  T |   H  |  T |   H  |  T |   H  |  T |   H  |  T |   H  |  T |   H  |  T |
 A  | (мб) | (C) |  (м) | (C)|  (м) | (C)|  (м) | (C)|  (м) | (C)|  (м) | (C)|  (м) | (C)|  (м) | (C)|  (м) | (C)|  (м) | (C)|  (м) | (C)|  (м) | (C)|  (м) | (C)|  (м) | (C)|  (м) | (C)|  (м) | (C)|  (м) | (C)|
------------------------------------------------------------------------------------------------------------------------------------------------------------------------------------------------------------------
   
 01 | Нема даних 
 02 | Нема даних 
 03 | Нема даних 
 04 | 760,0   2,0|  266   0,2|  884  -5,5| 1546  -7,6| 3036 -15,6| 5506 -30,1| 7060 -41,5| 8946 -53,6|10137 -47,8|11611 -46,5|13520 -48,4|16173 -50,1|18488 -52,9|20582 -56,4|23795 -60,6|26312 -54,2|
 05 | 766,0  -1,0|  328  -2,2|  939  -8,6| 1588 -12,9| 3055 -16,6| 5538 -28,7| 7093 -40,4| 8996 -53,8|10142 -62,4|11541 -54,9|13399 -52,9|16000 -56,0|18259 -58,6|20336 -64,2|23632 -62,3|
 06 | 764,0  -1,0|  307  -2,6|  916  -9,6| 1560 -15,1| 3061 -10,1| 5565 -28,5| 7124 -41,4| 9015 -55,8|10156 -63,3|11565 -53,4|13423 -51,4|16042 -54,3|18298 -56,7|20415 -59,7|23702 -53,0|26253 -49,2|
 07 | Нема даних 
 08 | 750,0   0,0|  159   -  |  776  -6,4| 1429 -11,5| 2888 -22,5| 5281 -35,5| 6815 -41,2| 8732 -48,3| 9932 -49,3|11392 -49,6|13284 -48,0|15937 -50,5|18232 -54,0|20370 -55,2|23614 -59,0|26156 -60,6|
 09 | 755,0  -2,0|  212  -2,2|  825  -8,3| 1475 -13,4| 2921 -24,1| 5311 -36,1| 6827 -45,5| 8725 -49,2| 9916 -50,0|11380 -48,9|13265 -50,3|15911 -51,9|18226 -55,8|20377 -54,5|23533 -57,1|26104 -57,1|
 10 | 763,0  -5,0|  284 -11,2|  879 -11,4| 1519 -17,4| 2964 -22,6|
 11 | 762,0  -2,0|  286  -2,6|  898  -8,0| 1547 -12,7| 3009 -19,7| 5447 -31,8| 6992 -40,5| 8897 -53,2|10048 -61,1|11454 -56,9|13284 -57,0|15840 -57,4|18065 -60,9|20183 -58,0|24090 -57,8|
 12 | 760,0  -4,0|  263  -5,0|  875  -7,4| 1529 -10,0| 3006 -17,0| 5459 -31,1| 7011 -39,5| 8923 -52,3|10083 -60,5|11461 -63,0|13248 -59,8|15782 -61,0|18011 -60,9|20108 -61,1|
 13 | 760,0  -2,0|  264  -3,1|  871 -10,1| 1518 -12,4| 2993 -16,0| 5478 -27,6| 7048 -37,8| 8979 -49,2|10157 -56,9|11538 -62,3|13322 -60,1|15845 -60,2|18052 -61,4|20170 -58,3|
 14 | 766,0   0,0|  328  -3,3|  935  -7,0| 1603  -6,0| 3094 -12,5| 5598 -27,4| 7165 -39,3| 9071 -54,0|10220 -62,2|11586 -64,1|13383 -58,0|15921 -56,5|18193 -55,9|20333 -57,1|23506 -59,0|
 15 | Нема даних 
 16 | 764,0  -1,0|  307  -1,1|  921  -8,5| 1572 -10,1| 3038 -18,8| 5507 -29,4| 7054 -42,1| 8937 -54,6|10095 -57,8|11517 -53,9|13378 -51,8|16009 -52,2|18323 -54,4|20468 -56,2|
 17 | 760,0 -12,0|  263 -12,4|  857 -14,3| 1498 -15,1| 2953 -18,6| 5513 -32,0| 7056 -41,8| 8958 -52,9|10130 -52,0|11579 -51,4|13447 -51,1|16090 -52,3|18378 -55,0|20552 -57,9|23729 -59,8|26287 -60,3|
 18 | 772,2  -2,0|  391  -3,5|  999  -9,9| 1648 -12,6| 3111 -18,8| 5572 -29,4| 7133 -37,9| 9067 -48,7|10244 -55,6|11657 -56,5|13498 -53,1|16101 -55,3|18336 -58,1|20444 -60,2|23638 -62,9|
 19 | 761,0  -1,0|  277   2,0|  898  -4,1| 1557  -9,5| 3046 -12,3| 5553 -26,7| 7132 -36,4| 9067 -50,8|10229 -58,4|11645 -53,2|13500 -53,8|16100 -56,5|18344 -60,3|20423 -61,5|23600 -63,0|
 20 | 768,0   0,0|  300   8,3|  938   3,0| 1616  -1,0| 3151  -4,7| 5717 -20,8| 7324 -33,7| 9282 -47,4|10467 -55,7|11864 -61,4|13668 -55,7|16254 -55,6|18506 -57,0|20615 -59,8|
 21 | 766,0  13,0|  284  10,2|  924   4,9| 1611   4,2| 3161  -6,2| 5703 -23,6| 7298 -34,8| 9246 -48,7|10423 -56,8|11803 -65,6|13576 -58,4|16131 -57,0|18371 -58,8|20479 -61,3|
 22 | 766,0   6,0|  280   4,1|  916   4,0| 1601   2,7| 3144  -6,4| 5693 -23,8| 7284 -35,3| 9225 -49,8|10397 -58,3|11772 -67,5|13548 -58,6|16104 -57,9|18357 -60,2|20472 -60,1|
 23 | 762,0   8,0|  237  10,1|  878   4,3| 1562   1,5| 3099  -6,6| 5633 -24,7| 7216 -37,7| 9138 -51,0|10309 -58,1|11694 -62,5|13498 -56,7|16077 -56,6|18358 -57,7|20437 -59,3|
 24 | 764,0   6,0|  256   3,9|  888   4,4| 1572   0,3| 3104  -7,0| 5644 -22,5| 7236 -35,0| 9175 -49,6|10345 -56,6|11755 -54,7|13616 -51,6|16204 -55,3|
 25 | 755,0   5,0|  158   -  |  782  -2,0| 1452  -3,5| 2963 -12,4| 5458 -27,7| 7037 -37,3| 8961 -51,3|10123 -57,9|11534 -55,1|13381 -53,9|15963 -56,4|18221 -59,7|20320 -62,4|23485 -63,1|
 26 | 752,0   8,0|  127   -  |  768   5,7| 1452   1,5| 2987  -9,7| 5538 -20,9| 7140 -32,9|
 27 | 751,0   1,0|  115   -  |  732  -6,2| 1386 -12,2| 2849 -17,5| 5322 -25,6| 6902 -37,0| 8822 -51,6| 9989 -57,4|11385 -60,9|13175 -60,3|15689 -64,7|17856 -64,8|
 28 | 756,0   0,0|  168  -0,4|  788  -3,4| 1455  -5,8| 2954 -12,9| 5484 -20,9| 7098 -31,7| 9064 -47,4|10241 -57,5|11619 -66,4|13329 -74,8|15722 -70,4|17850 -71,5|19860 -69,6|
 29 | Нема даних 
 30 | 754,0   7,0|  150   -  |  782   1,3| 1458  -2,9| 2974 -10,4| 5497 -25,4| 7081 -35,5| 9041 -47,1|10227 -55,2|11619 -65,4|
 31 | 752,0   6,0|  181   5,8|  820   5,0| 1503   0,2| 3038  -8,9| 5570 -23,0| 7171 -33,1| 9135 -48,8|10296 -61,3|11647 -69,5|13366 -68,4|


                                   Начальник  ВАС                                             
