0,50         49-77         8-23         433         13,8          56          412   P
1,00         49-41         8-25         863         12,1          59          740
1,50         48-44         8-41         1277         10,5          62          1069
2,00         46-25         9-48         1568         9,1          64          1397
2,50         44-73         9-29         1987         7,8          65          1726
3,00         43-86         9-27         2204         6,2          66          1903
3,50         43-07         9-30         2402         4,6          68          2071
4,00         42-51         9-42         2594         3,1          70          2248
4,50         42-14         9-24         2831         4,5          56          2415
5,00         41-68         9-44         2959         5,5          41          2556
5,50         40-96         9-61         3140         5,0          38          2736
6,00         40-30         9-83         3309         3,9          41          2920
6,50         39-77         9-97         3420         2,7          42          3040
7,00         39-46         9-94         3593         1,3          42          3185
7,50         39-05         10-10         3762         0,3          42          3361
8,00         38-77         10-12         3934         0,0          39          3515
8,50         38-15         10-12         4129         -0,8          36          3686
9,00         38-01         10-11         4376         -1,6          32          3899
9,50         38-15         10-01         4571         -2,8          29          4044
10,00         37-99         10-03         4804         -4,0          26          4251
10,50         37-75         9-95         5044         -5,3          25          4438
11,00         37-73         9-90         5206         -6,3          24          4566
11,50         37-61         9-91         5403         -7,7          26          4739
12,00         37-60         9-88         5636         -8,9          29          4929
12,50         37-50         9-82         5870         -9,8          30          5111
13,00         37-19         9-66         6136         -11,2          31          5285
13,50         36-97         9-49         6398         -12,5          31          5445
14,00         36-70         9-57         6557         -14,0          30          5609
14,50         36-61         9-48         6792         -15,4          30          5774
15,00         36-66         9-35         7052         -16,5          30          5938
15,50         36-73         9-26         7292         -17,5          30          6098
16,00         36-73         9-23         7563         -19,0          30          6309
16,50         36-73         9-20         7891         -20,3          30          6566
17,00         36-83         9-13         8201         -21,7          31          6783
17,50         36-87         9-05         8444         -23,0          31          6941
18,00         36-87         9-02         8665         -24,6          30          7102
18,50         36-88         8-94         8912         -25,8          30          7262
19,00         36-96         8-82         9196         -27,2          29          7422
19,50         36-98         8-70         9500         -28,8          29          7588
20,00         36-95         8-56         9810         -30,0          28          7748
20,50         36-93         8-48         10091         -31,5          28          7915
21,00         36-85         8-43         10344         -32,9          28          8078
21,50         36-99         8-21         10757         -34,3          27          8235
22,00         36-94         8-16         11039         -35,5          27          8407
22,50         36-99         8-07         11353         -36,6          27          8576
23,00         37-03         7-90         11756         -37,9          27          8737
23,50         37-03         7-83         12069         -39,4          27          8906
24,00         37-15         7-73         12420         -40,9                       9075
24,50         37-24         7-60         12825         -42,4                       9243
25,00         37-34         7-49         13203         -43,8                       9409
25,50         37-32         7-48         13461         -45,2                       9580
26,00         37-37         7-47         13723         -46,5                       9752
26,50         37-44         7-42         14031         -47,7                       9920
27,00         37-42         7-43         14261         -48,4                       10093
27,50         37-35         7-48         14424         -49,3                       10262
28,00         37-20         7-58         14516         -50,3                       10435
28,50         37-07         7-56         14787         -50,8                       10605
29,00         36-89         7-63         14927         -51,8                       10778
29,50         36-78         7-68         15081         -53,0                       10952
30,00         36-69         7-76         15212         -53,6                       11127
30,50         36-53         7-86         15296         -54,0                       11301
31,00         36-44         7-96         15384         -54,0                       11474
31,50         36-20         8-09         15427         -54,4                       11648
32,00         35-98         8-21         15490         -54,1                       11821
32,50         35-80         8-24         15663         -54,1                       11986
33,00         35-51         8-30         15809         -53,4                       12154
33,50         35-23         8-39         15901         -51,9                       12324
34,00         35-12         8-50         15975         -52,5                       12494
34,50         34-80         8-60         16045         -52,1                       12654
35,00         34-64         8-81         15978         -51,8                       12822
35,50         34-33         8-93         16039         -51,0                       12986
36,00         34-04         8-99         16160         -49,8                       13149
36,50         33-69         9-06         16272         -48,9                       13307
37,00         33-36         9-19         16318         -49,3                       13474
37,50         33-20         9-21         16493         -50,2                       13635
38,00         32-88         9-33         16555         -50,5                       13801
38,50         32-57         9-38         16692         -50,7                       13964
39,00         32-25         9-46         16795         -51,0                       14129
39,50         31-99         9-50         16933         -50,9                       14290
40,00         31-59         9-65         16973         -51,2                       14459
40,50         31-18         9-65         17162         -52,0                       14624
41,00         30-82         9-66         17357         -52,1                       14794
41,50         30-56         9-63         17580         -52,8                       14954
42,00         30-13         9-64         17762         -52,2                       15123
42,50         29-95         9-65         17951         -53,0                       15290
43,00         29-68         9-62         18177         -53,2                       15453
43,50         29-41         9-64         18353         -53,5                       15619
44,00         29-16         9-59         18604         -53,9                       15779
44,50         29-03         9-50         18906         -54,0                       15942
45,00         28-86         9-50         19105         -54,3                       16109
45,50         28-68         9-54         19252         -54,3                       16278
46,00         28-42         9-57         19417         -54,5                       16442
46,50         28-26         9-59         19592         -54,3                       16619
47,00         27-90         9-59         19808         -54,2                       16796
47,50         27-70         9-58         20025         -54,6                       16974
48,00         27-63         9-50         20339         -54,8                       17152
48,50         27-44         9-52         20528         -54,6                       17333
49,00         27-37         9-45         20848         -54,2                       17514
49,50         27-32         9-45         21078         -55,2                       17704
50,00         27-34         9-40         21367         -55,5                       17889
50,50         27-34         9-42         21571         -56,0                       18079
51,00         27-29         9-45         21748         -55,3                       18269
51,50         27-29         9-44         21984         -54,4                       18460
52,00         27-34         9-38         22296         -53,6                       18640
52,50         27-41         9-33         22591         -53,6                       18824
53,00         27-41         9-36         22774         -53,7                       19011
53,50         27-30         9-49         22808         -53,7                       19212
54,00         27-28         9-51         23006         -52,4                       19407
54,50         27-31         9-56         23169         -52,4                       19605
55,00         27-19         9-63         23297         -52,3                       19805
55,50         27-14         9-65         23506         -52,2                       20003
56,00         27-23         9-60         23816         -52,6                       20199
56,50         27-31         9-60         24043         -52,8                       20389
57,00         27-43         9-70         24104         -53,2                       20586
57,50         27-47         9-74         24282         -53,0                       20790
58,00         27-50         9-82         24415         -53,4                       20997
58,50         27-63         9-91         24511         -52,6                       21205
59,00         27-72         9-90         24759         -52,1                       21410
59,50         27-88         9-83         25104         -51,9                       21608
60,00         28-02         9-87         25268         -52,6                       21807
60,50         28-13         9-93         25420         -53,5                       22014
61,00         28-20         9-99         25562         -53,1                       22222
61,50         28-18         10-04         25733         -51,1                       22432
62,00         28-34         10-01         26014         -50,6                       22633
62,50         28-36         10-08         26137         -50,5                       22842
63,00         28-47         10-06         26403         -50,2                       23048
63,50         28-61         10-02         26705         -49,0                       23248
64,00         28-64         10-06         26876         -48,6                       23460
64,50         28-75         10-13         27012         -48,7                       23672
65,00         28-92         10-18         27172         -48,7                       23882
65,50         28-92         10-16         27444         -48,5                       24089
66,00         28-90         10-24         27565         -48,0                       24305
66,50         29-11         10-12         27986         -47,4                       24498
67,00         29-28         10-17         28126         -47,0                       24694
