0,50         14-59         7-26         62         11,2          70          225   P
1,00         13-74         7-42         196         10,0          70          319
1,50         13-48         7-03         345         8,7          72          414
2,00         13-63         6-38         527         7,7          74          508
2,50         14-14         6-53         666         6,9          75          603
3,00         13-57         6-28         870         6,2          75          714
3,50         11-27         4-75         1121         6,8          76          716
4,00         10-64         4-26         1476         6,0          76          819
4,50         10-55         3-94         1769         5,1          71          891
5,00         10-60         3-52         2077         4,5          68          931
5,50         10-78         3-17         2407         3,8          68          966
6,00         10-49         3-07         2798         2,7          68          1065
6,50         10-36         3-05         3150         2,0          68          1170
7,00         10-22         2-89         3453         1,2          68          1212
7,50         10-10         2-89         3811         0,3          68          1317
8,00         9-97         2-73         4147         -0,4          69          1352
8,50         9-62         2-67         4373         -1,6          68          1387
9,00         9-31         2-71         4677         -2,2          68          1489
9,50         9-14         2-64         4967         -3,3          66          1539
10,00         8-97         2-66         5294         -3,8          61          1637
10,50         8-84         2-60         5617         -4,3          60          1691
11,00         8-67         2-52         5944         -4,9          59          1733
11,50         8-60         2-43         6248         -5,2          58          1756
12,00         8-47         2-45         6486         -6,4          54          1825
12,50         8-29         2-37         6956         -6,7          50          1891
13,00         8-02         2-24         7583         -6,8          45          1948
13,50         7-89         2-24         7852         -7,5          41          2006
14,00         7-72         2-20         8237         -7,9          37          2065
14,50         7-44         2-11         8854         -8,8          36          2119
15,00         7-22         2-10         9132         -9,7          35          2175
15,50         7-09         2-10         9408         -10,6          35          2230
16,00         6-89         2-05         9843         -11,7          35          2279
16,50         6-76         2-00         10278         -12,8          35          2323
17,00         6-63         1-96         10698         -13,9          35          2358
17,50         6-51         1-91         11093         -14,9          35          2385
18,00         6-34         1-90         11294         -15,8          38          2412
18,50         6-28         1-89         11526         -17,1          41          2452
19,00         6-24         1-88         11907         -18,0          43          2506
19,50         6-20         1-78         12751         -19,0          42          2548
20,00         6-00         1-54         14766         -19,7          40          2559   P
20,50         5-90         1-47         15576         -20,9          38          2567
21,00         5-82         1-84         12797         -21,5          36          2628   P
21,50         5-75         2-21         11202         -22,1          35          2746
22,00         5-65         2-57         10296         -22,7          33          2924   P
22,50         5-53         2-94         12771         -23,7          32          4055
23,00         5-18         1-18         22080         -24,8          31          2900   P
23,50         5-08         1-17         21922         -25,7          31          2866   P
24,00         4-83         3-62         13008         -26,3          31          4991   P
24,50         3-55         2-45         19312         -27,4          31          5076
25,00         1-77         3-88         15730         -28,6          31          6396   P
25,50         1-69         4-03         15903         -29,9          31          6702
26,00         56-71         3-41         19207         -31,1          31          6893
26,50         4-67         0-89         41176         -32,2          31          4022   P
27,00         4-55         0-89         28722         -33,4          32          2847
27,50         4-49         1-55         16931         -34,5          32          2934   P
28,00         4-45         2-20         17389         -35,5          33          4184   P
28,50         7-23         3-40         17592         -36,6          33          6340
29,00         7-07         3-17         19698         -37,7          34          6624
29,50         5-47         1-61         29657         -38,8          35          5199
30,00         4-08         3-22         20510         -39,7          36          6991
30,50         4-05         3-21         21424         -40,5                       7278
31,00         4-03         3-22         22274         -41,4                       7572
31,50         4-00         3-20         23266         -42,5                       7865
32,00         4-00         3-18         24261         -43,8                       8152
32,50         4-00         3-16         25280         -44,8                       8431
33,00         4-00         3-13         26329         -46,0                       8699
33,50         4-02         3-10         27271         -47,0                       8913
34,00         4-03         3-06         28343         -48,1                       9158
34,50         4-02         3-06         29099         -49,3                       9398
35,00         4-00         3-06         29715         -48,1                       9580
35,50         3-99         3-04         30515         -47,7                       9766
36,00         4-00         3-00         31263         -48,5                       9896
36,50         4-00         2-97         31944         -49,3                       10019
37,00         4-00         2-94         32669         -49,3                       10142
37,50         4-00         2-91         33728         -50,1                       10375
38,00         3-98         2-92         34393         -51,3                       10607
38,50         3-95         2-92         35193         -51,2                       10832
39,00         3-95         2-90         36110         -51,4                       11046
39,50         3-89         2-90         36647         -50,6                       11207
40,00         3-83         2-89         37267         -50,8                       11362
40,50         3-76         2-87         38148         -50,9                       11558
41,00         3-74         2-89         38504         -49,5                       11713
41,50         3-74         2-88         39058         -49,8                       11863
42,00         3-76         2-86         39746         -50,0                       11995
42,50         3-77         2-86         40163         -49,2                       12116
43,00         3-76         2-87         40477         -49,4                       12229
43,50         3-73         2-88         40701         -49,1                       12344
44,00         3-71         2-89         40899         -49,1                       12454
44,50         3-72         2-87         41551         -49,1                       12556
45,00         3-71         2-88         41694         -48,5                       12668
45,50         3-73         2-88         42023         -48,1                       12767
46,00         3-71         2-88         42381         -48,6                       12855
46,50         3-72         2-86         42935         -49,3                       12927
47,00         3-75         2-84         43485         -49,8                       13000
47,50         3-79         2-81         44148         -50,1                       13084
48,00         3-80         2-79         44635         -49,1                       13158
48,50         3-82         2-80         44842         -48,7                       13223
49,00         3-85         2-79         45184         -49,5                       13291
49,50         3-88         2-79         45409         -49,4                       13354
50,00         3-92         2-77         45865         -48,9                       13400
50,50         3-93         2-77         45931         -49,0                       13439
51,00         3-94         2-76         46253         -49,3                       13481
51,50         3-93         2-82         45567         -50,0                       13545
52,00         3-94         2-82         45658         -50,8                       13597
52,50         3-95         2-83         45741         -51,1                       13643
53,00         3-93         2-85         45596         -51,4                       13712
53,50         3-93         2-87         45606         -51,6                       13794
54,00         3-95         2-87         45854         -51,7                       13868
54,50         3-95         2-88         45988         -51,9                       13934
55,00         3-97         2-88         46212         -52,6                       14002
55,50         4-00         2-86         46693         -52,5                       14067
56,00         4-00         2-86         46920         -52,4                       14132
56,50         3-98         2-92         46242         -52,3                       14225
57,00         3-98         2-92         46557         -52,3                       14316
57,50         3-99         2-92         46948         -51,5                       14415
58,00         4-05         2-89         47616         -52,1                       14511
58,50         4-12         2-91         47722         -51,1                       14622
59,00         4-19         2-91         48072         -51,0                       14733
59,50         4-23         2-92         48293         -50,9                       14824
60,00         4-22         2-92         48472         -50,7                       14899
60,50         4-23         2-94         48347         -50,4                       14969
61,00         4-24         2-96         48301         -51,1                       15036
61,50         4-23         2-97         48409         -51,7                       15095
62,00         4-21         2-99         48164         -52,3                       15160
62,50         4-23         3-02         47998         -53,5                       15235
63,00         4-24         3-03         48044         -54,2                       15319   P
63,50         4-25         3-02         48493         -53,5                       15408
64,00         4-29         3-02         48864         -53,0                       15503
64,50         4-31         3-02         49199         -52,0                       15605
65,00         4-34         3-02         49462         -52,0                       15718
65,50         4-36         3-05         49439         -52,8                       15853
66,00         4-41         3-05         49960         -53,2                       15991
66,50         4-42         3-04         50491         -53,4                       16131
67,00         4-47         3-02         51199         -54,2                       16270
67,50         4-51         3-02         51732         -53,9                       16410
68,00         4-55         3-04         51839         -53,6                       16567
68,50         4-93         3-22         52185         -52,8                       17579
69,00         5-06         3-25         52289         -52,2                       17803
69,50         5-11         3-23         53184         -51,0                       18010
70,00         5-15         3-21         54192         -51,1                       18195
70,50         5-18         3-20         54805         -51,7                       18373
71,00         5-15         3-23         54823         -52,1                       18558
71,50         5-16         3-25         55088         -52,2                       18738
72,00         5-19         3-24         55803         -52,5                       18918
72,50         5-21         3-27         55824         -53,2                       19114
73,00         5-24         3-27         56465         -52,9                       19302
73,50         5-27         3-25         57270         -52,6                       19475
74,00         5-27         3-29         57168         -53,8                       19666
74,50         5-30         3-30         57538         -54,1                       19856
75,00         5-32         3-33         57732         -54,8                       20052
75,50         5-34         3-32         58365         -54,9                       20237
76,00         5-35         3-35         58438         -54,6                       20431
