0,50         46-15         3-17         431         24,1          46          261   P
1,00         49-23         2-86         954         24,0          44          402
1,50         50-59         3-15         1304         24,1          38          543
2,00         50-67         3-24         1692         23,2          39          683
2,50         50-84         3-02         2260         22,0          42          824
3,00         50-80         2-98         2919         20,8          42          1017
3,50         50-71         3-03         3392         19,6          43          1179
4,00         50-48         3-10         3876         18,3          44          1357
4,50         50-21         3-17         4382         16,9          45          1546
5,00         49-88         3-20         4826         15,5          46          1707
5,50         49-62         3-23         5236         14,0          51          1857
6,00         49-36         3-26         5703         12,4          55          2030
6,50         49-07         3-31         6148         10,7          58          2207
7,00         48-81         3-37         6562         9,1          60          2385
7,50         48-58         3-40         6974         7,6          62          2554
8,00         48-30         3-49         7371         6,9          59          2754
8,50         48-18         3-46         7787         6,7          51          2884
9,00         48-15         3-48         8264         6,2          43          3062
9,50         48-17         3-50         8692         5,7          39          3232
10,00         48-18         3-53         9074         4,8          37          3395
10,50         48-21         3-55         9369         3,8          36          3525
11,00         48-23         3-59         9696         3,0          34          3677
11,50         48-22         3-67         9951         1,4          42          3850
12,00         48-18         3-74         10209         -0,2          49          4013
12,50         48-22         3-77         10548         -1,3          52          4177
13,00         48-22         3-85         10774         -2,5          52          4342
13,50         48-26         3-86         11143         -3,7          53          4499
14,00         48-28         3-92         11381         -4,9          52          4658
14,50         48-34         4-01         11520         -5,4          47          4814
15,00         48-32         4-07         11733         -6,4          41          4972
15,50         48-30         4-21         11741         -7,2          36          5133
16,00         48-29         4-33         11808         -8,4          32          5297
16,50         48-25         4-43         11959         -10,2          33          5469
17,00         48-24         4-53         12085         -11,7          39          5645
17,50         48-22         4-58         12350         -12,7          44          5818
18,00         48-27         4-58         12720         -14,1          44          5988
18,50         48-26         4-60         13025         -15,5          43          6154
19,00         48-24         4-68         13164         -16,7          42          6321
19,50         48-23         4-73         13396         -18,0          40          6491
20,00         48-21         4-80         13591         -19,2          39          6665
20,50         48-21         4-85         13806         -20,1          38          6836
21,00         48-19         4-94         13944         -21,7          38          7013
21,50         48-18         5-00         14150         -23,2          38          7192
22,00         48-14         5-06         14325         -24,5          39          7366
22,50         48-12         5-11         14562         -26,0          40          7542
23,00         48-11         5-13         14833         -27,3          41          7711
23,50         48-09         5-17         15055         -28,4          41          7881
24,00         48-07         5-24         15213         -29,6          41          8053
24,50         48-04         5-28         15431         -30,7          41          8220
25,00         48-03         5-34         15590         -31,7          41          8385
25,50         48-00         5-39         15771         -33,0          41          8552
26,00         47-96         5-43         15954         -34,0          41          8717
26,50         47-93         5-47         16143         -34,7          41          8872
27,00         47-89         5-52         16321         -35,8          41          9034
27,50         47-86         5-54         16539         -36,7          40          9192
28,00         47-86         5-57         16751         -37,4          40          9349
28,50         47-85         5-64         16862         -38,1          40          9505
29,00         47-86         5-70         16984         -38,9          39          9662
29,50         47-85         5-74         17140         -39,9          39          9813
30,00         47-84         5-79         17278         -41,0                       9961
30,50         47-85         5-83         17442         -42,4                       10115
31,00         47-86         5-89         17543         -43,5                       10266
31,50         47-85         5-95         17627         -44,5                       10413
32,00         47-87         6-01         17743         -45,8                       10565
32,50         47-90         6-03         17939         -46,8                       10710
33,00         47-92         6-06         18095         -47,9                       10846
33,50         47-95         6-09         18235         -48,9                       10981
34,00         47-98         6-15         18316         -48,6                       11113
34,50         48-00         6-18         18432         -49,2                       11241
35,00         48-07         6-26         18458         -48,8                       11366
35,50         48-16         6-39         18338         -47,6                       11488
36,00         48-34         6-59         18045         -46,8                       11613
36,50         48-60         6-82         17734         -46,8                       11742
37,00         48-88         7-05         17470         -47,4                       11880
37,50         49-21         7-21         17350         -47,9                       12006
38,00         49-59         7-46         17063         -48,5                       12136
38,50         49-99         7-73         16797         -49,7                       12278
39,00         50-43         8-02         16528         -50,1                       12427
39,50         50-79         8-21         16422         -50,7                       12568
40,00         51-09         8-44         16273         -50,4                       12707
40,50         51-52         8-76         16041         -50,7                       12856
41,00         51-81         8-99         15941         -51,3                       13009
41,50         52-29         9-19         15889         -52,1                       13157
42,00         53-04         9-42         15819         -52,1                       13311
42,50         53-81         9-58         15828         -52,3                       13464
43,00         54-50         9-76         15819         -53,4                       13620
43,50         55-22         9-90         15871         -54,5                       13783
44,00         55-82         9-98         15977         -55,1                       13940
44,50         56-37         10-07         16076         -55,2                       14101
45,00         57-04         10-08         16252         -55,5                       14264
45,50         57-67         10-09         16421         -56,4                       14415
46,00         58-32         10-11         16585         -56,6                       14578
46,50         58-77         10-16         16727         -56,3                       14747
47,00         59-27         10-15         16941         -55,9                       14920
47,50         59-70         10-09         17197         -56,8                       15093
48,00         0-30         10-08         17405         -58,1                       15270
48,50         0-83         10-02         17679         -59,2                       15445
49,00         1-44         9-94         17959         -58,2                       15619
49,50         1-97         9-94         18164         -58,2                       15790
50,00         2-33         9-95         18349         -58,8                       15966
50,50         2-57         10-05         18449         -59,2                       16146
51,00         2-70         10-05         18655         -58,4                       16324
51,50         2-70         10-10         18803         -58,5                       16502
52,00         2-70         10-13         18984         -58,2                       16692
52,50         2-66         10-19         19122         -58,0                       16864
53,00         2-67         10-24         19268         -57,6                       17041
53,50         2-68         10-25         19443         -57,2                       17210
54,00         2-81         10-26         19637         -56,9                       17388
54,50         2-80         10-28         19813         -56,5                       17559
55,00         2-90         10-34         19936         -56,3                       17733
55,50         2-90         10-35         20128         -56,7                       17914
56,00         2-88         10-37         20317         -56,8                       18097
56,50         2-89         10-38         20502         -56,8                       18278
57,00         2-85         10-47         20603         -57,4                       18457
57,50         2-84         10-56         20715         -57,3                       18637
58,00         2-78         10-62         20856         -57,2                       18821
58,50         2-76         10-64         21041         -56,9                       19009
59,00         2-76         10-62         21270         -57,1                       19192
59,50         2-78         10-59         21510         -56,6                       19382
60,00         2-78         10-61         21709         -56,3                       19580
60,50         2-67         10-68         21846         -56,4                       19771
61,00         2-54         10-71         22039         -56,3                       19975
61,50         2-54         10-73         22249         -56,2                       20192
62,00         2-54         10-76         22473         -56,2                       20420
62,50         2-54         10-79         22708         -56,1                       20659
63,00         2-56         10-88         22848         -55,6                       20876
63,50         2-49         10-94         22977         -54,9                       21053
64,00         2-33         11-02         23075         -54,8                       21226
64,50         2-19         11-08         23216         -54,8                       21410
65,00         2-04         11-17         23321         -55,1                       21593
65,50         1-93         11-19         23497         -54,6                       21779
66,00         1-80         11-17         23726         -53,5                       21969
66,50         1-76         11-18         23912         -53,1                       22152
67,00         1-60         11-17         24122         -53,1                       22334
67,50         1-58         11-19         24302         -53,1                       22523
68,00         1-54         11-22         24474         -53,1                       22704
68,50         1-52         11-28         24599         -53,0                       22881
69,00         1-31         11-34         24735         -52,5                       23065
69,50         1-21         11-35         24915         -52,4                       23244
70,00         1-02         11-40         25063         -52,1                       23428
70,50         0-79         11-49         25163         -51,9                       23606
71,00         0-63         11-54         25306         -51,2                       23785
71,50         0-55         11-58         25465         -50,4                       23974
72,00         0-38         11-59         25660         -49,8                       24163
72,50         0-24         11-61         25835         -49,7                       24353
73,00         0-18         11-62         26015         -49,4                       24527
73,50         0-13         11-66         26162         -48,6                       24702
74,00         0-09         11-74         26298         -47,5                       24903
74,50         59-97         11-79         26431         -46,6                       25079
75,00         59-82         11-82         26596         -45,7                       25259
75,50         59-69         11-85         26757         -44,6                       25440
76,00         59-45         11-96         26817         -44,7                       25594
76,50         59-25         11-96         26940         -44,8                       25714
77,00         59-04         11-97         27029         -45,0                       25802
77,50         59-01         11-96         27163         -44,4                       25924
78,00         59-03         11-94         27403         -43,6                       26137
78,50         59-00         11-99         27602         -43,4                       26365
79,00         58-78         12-01         27770         -42,1                       26547
