0,50         30-64         5-21         267         -2,7          60          298   P
1,00         29-64         5-34         521         -3,7          57          436
1,50         29-65         6-09         696         -5,0          56          574
2,00         29-27         6-69         857         -6,4          57          713
2,50         29-47         6-72         1068         -7,6          58          851
3,00         29-73         6-96         1280         -8,9          58          1012
3,50         30-06         7-34         1480         -10,2          58          1189
4,00         30-46         7-42         1708         -10,4          59          1357
4,50         31-12         7-35         1891         -10,1          55          1477
5,00         31-38         7-35         2118         -10,8          53          1634
5,50         31-83         7-29         2386         -11,7          53          1809
6,00         32-21         7-21         2640         -13,1          53          1968
6,50         32-57         7-12         2854         -14,1          51          2096
7,00         32-98         7-02         3192         -15,3          48          2301
7,50         33-47         6-90         3502         -15,8          46          2476
8,00         33-93         6-78         3825         -16,7          45          2654
8,50         34-22         6-71         4121         -17,2          50          2825
9,00         34-48         6-63         4468         -18,1          58          3019
9,50         34-69         6-43         4815         -19,5          63          3162
10,00         34-91         6-28         5216         -20,6          66          3348
10,50         35-20         6-12         5601         -20,0          66          3510
11,00         35-53         6-07         5954         -20,4          59          3697
11,50         35-87         5-96         6305         -21,1          52          3845
12,00         36-19         5-81         6723         -21,6          47          4005
12,50         36-42         5-68         7161         -22,2          43          4172
13,00         36-65         5-52         7656         -22,7          40          4340
13,50         36-93         5-38         8147         -23,4          39          4513
14,00         37-18         5-23         8692         -24,1          40          4683
14,50         37-35         5-05         9299         -25,1          41          4855
15,00         37-56         4-90         9925         -25,9          42          5032
15,50         37-78         4-73         10619         -26,6          43          5208
16,00         37-89         4-59         11299         -27,6          43          5383
16,50         38-05         4-50         11899         -28,8          43          5560
17,00         38-16         4-39         12580         -30,0          44          5736
17,50         38-20         4-31         13210         -31,3          44          5916
18,00         38-21         4-21         13898         -32,4          46          6089
18,50         38-32         4-16         14491         -33,5          48          6272
19,00         38-37         4-07         15235         -34,4          49          6452
19,50         38-51         4-04         15788         -35,4          50          6638
20,00         38-49         3-95         16561         -36,6          50          6815
20,50         38-55         3-90         17205         -37,9          50          6998
21,00         38-61         3-89         17753         -39,1          51          7185
21,50         38-66         3-84         18433         -40,4                       7371
22,00         38-64         3-80         19103         -41,7                       7557
22,50         38-61         3-77         19725         -43,2                       7744
23,00         38-64         3-78         20150         -44,5                       7941
23,50         38-71         3-75         20771         -45,7                       8140
24,00         38-78         3-70         21547         -46,7                       8336
24,50         38-82         3-65         22371         -47,8                       8527
25,00         38-82         3-58         23263         -48,2                       8714
25,50         38-79         3-54         24048         -48,9                       8902
26,00         38-80         3-47         25033         -49,7                       9087
26,50         38-76         3-46         25657         -50,2                       9284
27,00         38-82         3-38         26761         -51,0                       9471
27,50         38-80         3-35         27531         -52,2                       9662
28,00         38-87         3-34         28159         -53,2                       9861
28,50         38-91         3-32         28921         -54,1                       10063
29,00         38-93         3-30         29669         -54,4                       10268
29,50         38-92         3-28         30510         -53,7                       10471
30,00         38-86         3-23         31463         -53,4                       10667
30,50         38-85         3-22         32227         -52,9                       10867
31,00         38-85         3-22         32790         -53,0                       11050
31,50         38-85         3-21         33304         -53,1                       11217
32,00         38-85         3-21         33772         -53,1                       11369
32,50         38-85         3-21         34198         -53,1                       11507
33,00         38-85         3-21         34584         -52,9                       11632
33,50         38-85         3-21         34933         -52,4                       11744
34,00         38-87         3-21         35261         -51,7                       11851
34,50         38-87         3-23         35439         -51,3                       11970
35,00         38-79         3-22         35937         -50,8                       12104
35,50         38-80         3-20         36568         -50,3                       12251
36,00         38-88         3-20         37084         -50,9                       12426
36,50         38-87         3-20         37681         -51,4                       12632
37,00         38-74         3-20         38413         -51,8                       12876
37,50         38-58         3-18         39345         -51,5                       13121
38,00         38-61         3-17         40180         -51,6                       13350
38,50         38-60         3-15         41052         -51,6                       13568
39,00         38-60         3-15         41763         -52,0                       13789
39,50         38-61         3-16         42358         -52,5                       14003
40,00         38-60         3-17         42784         -52,4                       14219
40,50         38-64         3-21         43029         -52,7                       14442
41,00         38-66         3-20         43746         -53,4                       14660
41,50         38-66         3-20         44461         -53,3                       14873
42,00         38-65         3-21         44962         -52,3                       15086
42,50         38-65         3-22         45426         -52,9                       15296
43,00         38-59         3-25         45692         -53,4                       15513
43,50         38-57         3-25         46255         -54,6                       15729
44,00         38-57         3-28         46543         -54,9                       15952
44,50         38-58         3-31         46774         -55,8                       16184
45,00         38-50         3-36         46849         -56,6                       16422
45,50         38-46         3-35         47581         -57,7                       16650
46,00         38-47         3-40         47671         -58,6                       16895
46,50         38-42         3-41         48226         -58,7                       17125
47,00         38-36         3-44         48476         -58,5                       17358
47,50         38-34         3-45         48898         -59,2                       17589
48,00         38-28         3-48         49236         -59,5                       17819
48,50         38-29         3-44         50305         -59,6                       18020
49,00         38-26         3-46         50590         -59,5                       18231
49,50         38-25         3-49         50869         -60,2                       18449
50,00         38-31         3-49         51409         -60,6                       18654
50,50         38-27         3-53         51351         -60,4                       18866
51,00         38-23         3-57         51456         -61,0                       19082
51,50         38-22         3-57         51949         -61,3                       19284
52,00         38-17         3-61         52026         -61,0                       19491
52,50         38-14         3-61         52483         -61,2                       19693
53,00         38-10         3-63         52852         -61,2                       19892
53,50         38-07         3-64         53146         -60,4                       20085
54,00         38-04         3-67         53291         -60,3                       20294
54,50         37-97         3-67         53905         -59,9                       20491
55,00         37-94         3-70         53966         -60,0                       20693
55,50         37-88         3-70         54421         -60,0                       20896
56,00         37-84         3-74         54432         -60,1                       21111
56,50         37-83         3-74         55045         -59,6                       21309
57,00         37-79         3-73         55707         -59,7                       21499
57,50         37-74         3-75         55806         -60,0                       21696
58,00         37-69         3-78         56026         -60,5                       21894
58,50         37-65         3-82         56002         -60,7                       22108
59,00         37-63         3-82         56517         -61,0                       22309
59,50         37-62         3-82         56933         -61,7                       22509
60,00         37-57         3-85         57091         -62,3                       22718
60,50         37-55         3-86         57516         -62,2                       22923
61,00         37-56         3-87         57876         -62,4                       23125
61,50         37-56         3-89         58053         -62,2                       23318
62,00         37-54         3-95         57746         -62,9                       23545
62,50         37-48         3-94         58456         -63,2                       23740
63,00         37-50         3-95         58792         -63,4                       23941
63,50         37-45         3-95         59195         -63,8                       24137
64,00         37-40         3-99         59233         -64,0                       24346
64,50         37-36         3-99         59731         -64,7                       24550
65,00         37-34         3-98         60320         -65,4                       24736
65,50         37-29         4-03         60112         -65,7                       24940
66,00         37-26         4-05         60353         -66,2                       25151
66,50         37-25         4-06         60619         -65,9                       25364
67,00         37-30         3-82         62417         -65,0                       24655
67,50         37-21         3-55         63067         -62,0                       23260
