0,50         27-29         7-59         158         19,9          61          192   P
1,00         31-64         5-78         396         22,0          49          305
1,50         32-38         5-31         641         21,0          44          418
2,00         31-74         5-59         817         19,6          43          530
2,50         32-02         5-48         1038         18,3          44          643
3,00         31-78         5-61         1327         17,0          44          815
3,50         31-33         5-70         1589         15,4          45          973
4,00         31-15         5-93         1789         13,8          46          1119
4,50         30-96         6-07         2019         12,4          47          1278
5,00         30-79         6-16         2246         11,2          46          1430
5,50         30-65         6-44         2410         10,3          44          1584
6,00         30-70         6-53         2660         10,1          36          1760
6,50         30-87         6-56         2843         9,4          32          1882
7,00         30-96         6-72         3077         8,7          31          2071
7,50         30-98         6-86         3255         7,9          31          2222
8,00         31-00         7-00         3367         6,9          30          2332
8,50         30-97         7-12         3561         5,4          30          2495
9,00         30-91         7-25         3780         4,5          28          2681
9,50         30-90         7-37         3946         3,5          29          2832
10,00         30-89         7-39         4163         3,2          29          2988
10,50         30-82         7-42         4431         1,9          33          3187
11,00         30-89         7-35         4637         1,0          35          3304
11,50         30-93         7-29         4915         -0,2          35          3478
12,00         30-95         7-29         5136         -1,2          33          3629
12,50         31-02         7-25         5378         -1,9          30          3783
13,00         31-16         7-23         5612         -2,7          28          3935
13,50         31-19         7-25         5832         -2,9          26          4095
14,00         31-20         7-27         6052         -3,4          25          4255
14,50         31-19         7-28         6280         -4,6          24          4417
15,00         31-30         7-28         6512         -5,5          23          4578
15,50         31-45         7-29         6739         -6,8          23          4741
16,00         31-52         7-27         7005         -8,5          23          4910
16,50         31-60         7-25         7273         -9,8          23          5085
17,00         31-58         7-22         7540         -11,2          23          5253
17,50         31-58         7-14         7856         -12,4          24          5419
18,00         31-59         7-05         8177         -14,0          24          5585
18,50         31-58         6-99         8492         -15,4          26          5754
19,00         31-55         6-96         8781         -16,5          28          5925
19,50         31-48         6-90         9094         -17,8          28          6095
20,00         31-44         6-87         9395         -19,3          28          6269
20,50         31-38         6-86         9673         -20,8          28          6447
21,00         31-38         6-79         10024         -22,2          28          6621
21,50         31-40         6-74         10347         -23,1          28          6793
22,00         31-42         6-67         10722         -24,4          28          6969
22,50         31-42         6-60         11079         -25,5          27          7141
23,00         31-30         6-60         11361         -27,3          27          7320
23,50         31-34         6-56         11697         -29,0          27          7495
24,00         31-41         6-48         12094         -30,5          27          7670
24,50         31-44         6-45         12423         -32,2          28          7846
25,00         31-47         6-39         12804         -33,8          28          8019
25,50         31-49         6-32         13193         -35,1          28          8188
26,00         31-45         6-29         13528         -36,5          29          8358
26,50         31-39         6-28         13834         -38,2          29          8535
27,00         31-29         6-32         14064         -39,7          29          8722
27,50         31-22         6-31         14382         -41,3                       8910
28,00         31-16         6-24         14822         -42,6                       9090
28,50         31-18         6-23         15138         -43,5                       9268
29,00         31-20         6-22         15452         -45,0                       9444
29,50         31-23         6-21         15754         -46,3                       9613
30,00         31-22         6-20         16047         -47,5                       9785
30,50         31-21         6-21         16316         -48,8                       9955
31,00         31-20         6-20         16604         -49,8                       10123
31,50         31-18         6-22         16852         -51,1                       10292
32,00         31-16         6-20         17162         -51,9                       10457
32,50         31-16         6-17         17499         -53,0                       10612
33,00         31-16         6-17         17738         -54,5                       10766
33,50         31-14         6-21         17913         -55,5                       10920
34,00         31-09         6-22         18123         -56,4                       11073
34,50         31-11         6-23         18359         -55,7                       11225
35,00         31-07         6-26         18531         -56,0                       11373
35,50         31-01         6-31         18644         -56,0                       11521
36,00         30-96         6-37         18729         -55,1                       11664
36,50         30-87         6-49         18675         -54,8                       11809
37,00         30-86         6-56         18729         -54,7                       11957
37,50         30-84         6-60         18851         -54,8                       12101
38,00         30-83         6-68         18895         -54,2                       12243
38,50         30-83         6-78         18879         -53,0                       12387
39,00         30-85         6-86         18908         -51,7                       12529
39,50         30-83         6-99         18854         -51,3                       12674
40,00         30-81         7-06         18895         -50,4                       12817
40,50         30-77         7-17         18894         -50,3                       12967
41,00         30-79         7-25         18933         -50,4                       13116
41,50         30-76         7-41         18826         -50,8                       13263
42,00         30-69         7-54         18778         -51,5                       13416
42,50         30-60         7-64         18793         -50,6                       13566
43,00         30-55         7-77         18766         -51,1                       13717
43,50         30-57         7-88         18762         -51,1                       13861
44,00         30-47         8-02         18718         -51,5                       14015
44,50         30-34         8-12         18745         -51,2                       14171
45,00         30-27         8-22         18785         -51,5                       14324
45,50         30-16         8-35         18781         -52,1                       14482
46,00         30-10         8-49         18737         -53,2                       14632
46,50         30-06         8-63         18730         -52,7                       14790
47,00         29-93         8-76         18741         -52,1                       14959
47,50         29-86         8-88         18767         -51,5                       15124
48,00         29-84         8-98         18829         -52,4                       15291
48,50         29-79         9-09         18881         -53,5                       15455
49,00         29-79         9-21         18925         -54,3                       15632
49,50         29-71         9-40         18874         -54,5                       15799
50,00         29-59         9-54         18881         -54,8                       15961
50,50         29-45         9-65         18945         -55,7                       16133
51,00         29-34         9-70         19092         -55,8                       16303
51,50         29-28         9-82         19149         -56,4                       16477
52,00         29-14         9-88         19277         -56,0                       16652
52,50         29-02         9-97         19378         -56,1                       16829
53,00         28-86         10-05         19488         -56,8                       17005
53,50         28-75         10-15         19573         -55,4                       17181
54,00         28-63         10-21         19711         -55,3                       17357
54,50         28-56         10-27         19842         -55,3                       17536
55,00         28-50         10-40         19893         -55,1                       17712
55,50         28-37         10-49         19998         -54,5                       17897
56,00         28-25         10-57         20123         -55,9                       18084
56,50         28-21         10-53         20375         -56,3                       18266
57,00         28-19         10-57         20537         -56,5                       18450
57,50         28-19         10-66         20652         -56,6                       18637
58,00         28-17         10-72         20795         -56,4                       18825
58,50         28-18         10-75         20968         -56,8                       19008
59,00         28-14         10-79         21138         -56,6                       19204
59,50         27-93         10-79         21360         -56,5                       19400
60,00         27-82         10-85         21484         -56,3                       19571
60,50         27-70         10-86         21674         -55,4                       19756
61,00         27-66         10-82         21949         -55,5                       19961
61,50         27-62         10-83         22134         -55,5                       20139
62,00         27-57         10-80         22378         -55,2                       20333
62,50         27-48         10-76         22638         -54,4                       20527
63,00         27-44         10-74         22892         -53,9                       20734
63,50         27-41         10-70         23137         -53,4                       20919
64,00         27-45         10-66         23399         -53,0                       21107
64,50         27-41         10-68         23598         -52,9                       21306
65,00         27-35         10-64         23860         -51,8                       21504
65,50         27-35         10-62         24116         -51,9                       21704
66,00         27-38         10-54         24425         -52,2                       21899
66,50         27-41         10-54         24651         -52,2                       22094
67,00         27-44         10-51         24921         -51,7                       22304
