0,50         30-56         4-69         333         -1,5          68          317   P
1,00         28-56         5-34         593         -3,0          69          474
1,50         27-66         4-90         960         -4,4          70          631
2,00         27-15         5-66         1124         -3,9          66          789
2,50         27-98         5-40         1467         -5,0          61          946
3,00         28-63         5-16         1855         -6,3          60          1114
3,50         28-96         5-16         2185         -7,6          60          1284
4,00         29-25         5-15         2531         -7,9          58          1461
4,50         29-72         5-13         2861         -7,8          48          1623
5,00         30-07         5-17         3200         -9,0          40          1810
5,50         30-41         5-09         3577         -9,8          37          1977
6,00         30-77         5-06         3912         -10,8          35          2136
6,50         31-09         5-12         4263         -11,8          34          2337
7,00         31-27         5-16         4561         -13,4          37          2508
7,50         31-49         5-16         4890         -14,7          47          2677
8,00         31-60         5-19         5216         -15,2          54          2858
8,50         31-60         5-20         5534         -16,4          59          3028
9,00         31-59         5-21         5871         -17,8          61          3209
9,50         31-64         5-27         6219         -18,6          61          3419
10,00         31-80         5-25         6512         -19,8          62          3565
10,50         31-97         5-27         6839         -20,9          62          3746
11,00         32-11         5-31         7102         -22,0          62          3909
11,50         32-26         5-36         7393         -22,9          62          4097
12,00         32-31         5-44         7616         -24,0          62          4270
12,50         32-40         5-53         7834         -24,9          61          4444
13,00         32-42         5-60         8062         -26,0          61          4621
13,50         32-46         5-64         8324         -27,2          60          4797
14,00         32-57         5-68         8595         -28,7          59          4976
14,50         32-65         5-73         8848         -30,1          58          5153
15,00         32-65         5-78         9079         -31,4          57          5326
15,50         32-82         5-81         9344         -32,2          56          5503
16,00         33-10         5-83         9627         -32,9          56          5677
16,50         33-27         5-84         9904         -34,0          56          5849
17,00         33-35         5-88         10157         -34,5          55          6025
17,50         33-40         5-90         10423         -35,8          55          6198
18,00         33-47         5-91         10705         -37,1          54          6370
18,50         33-53         5-97         10901         -38,5          53          6541
19,00         33-61         6-00         11142         -39,7          52          6711
19,50         33-76         6-08         11307         -41,1                       6881
20,00         33-94         6-14         11500         -42,6                       7051
20,50         34-12         6-22         11656         -44,2                       7224
21,00         34-32         6-27         11858         -45,7                       7395
21,50         34-38         6-31         12075         -46,9                       7570
22,00         34-53         6-30         12367         -48,2                       7739
22,50         34-75         6-33         12581         -49,8                       7906
23,00         34-93         6-35         12823         -51,2                       8074
23,50         35-08         6-36         13082         -52,4                       8246
24,00         35-16         6-33         13418         -53,9                       8416
24,50         35-27         6-34         13670         -54,4                       8584
25,00         35-27         6-31         13993         -53,7                       8750
25,50         35-31         6-33         14236         -50,6                       8921
26,00         35-36         6-43         14321         -50,0                       9092
26,50         35-37         6-49         14490         -49,5                       9263
27,00         35-36         6-54         14648         -48,9                       9431
27,50         35-43         6-63         14756         -48,0                       9599
28,00         35-45         6-66         14961         -48,0                       9768
28,50         35-48         6-69         15158         -47,1                       9935
29,00         35-52         6-73         15340         -46,9                       10097
29,50         35-55         6-78         15489         -47,0                       10260
30,00         35-51         6-82         15676         -47,3                       10424
30,50         35-47         6-83         15904         -47,3                       10585
31,00         35-40         6-90         15998         -47,0                       10734
31,50         35-37         6-92         16194         -46,9                       10899
32,00         35-34         6-95         16392         -46,8                       11062
32,50         35-29         7-00         16543         -46,4                       11225
33,00         35-23         7-01         16748         -46,6                       11384
33,50         35-11         7-07         16884         -46,5                       11549
34,00         34-94         7-08         17108         -46,6                       11709
34,50         34-85         7-11         17282         -47,2                       11869
35,00         34-75         7-14         17465         -47,4                       12032
35,50         34-69         7-16         17657         -46,5                       12194
36,00         34-65         7-20         17832         -46,9                       12360
36,50         34-56         7-20         18053         -46,9                       12520
37,00         34-45         7-21         18265         -47,4                       12676
37,50         34-36         7-26         18395         -47,5                       12837
38,00         34-25         7-29         18577         -47,0                       12998
38,50         34-18         7-35         18690         -47,2                       13162
39,00         34-05         7-42         18783         -47,1                       13327
39,50         33-87         7-45         18946         -47,6                       13492
40,00         33-70         7-45         19189         -48,0                       13655
40,50         33-58         7-45         19414         -49,3                       13821
41,00         33-47         7-44         19676         -50,8                       13986
41,50         33-42         7-42         19947         -51,8                       14148
42,00         33-33         7-44         20128         -51,7                       14319
42,50         33-21         7-51         20238         -51,0                       14492
43,00         33-12         7-55         20379         -50,7                       14661
43,50         33-03         7-61         20503         -51,5                       14831
44,00         32-87         7-64         20670         -52,3                       14996
44,50         32-66         7-66         20850         -52,0                       15163
45,00         32-47         7-67         21080         -51,4                       15337
45,50         32-28         7-68         21291         -51,1                       15503
46,00         32-07         7-71         21479         -51,3                       15692
46,50         31-82         7-77         21646         -51,6                       15900
47,00         31-62         7-80         21783         -51,3                       16057
47,50         31-45         7-79         22034         -51,7                       16227
48,00         31-27         7-79         22266         -51,3                       16394
48,50         31-04         7-79         22499         -51,0                       16564
49,00         30-77         7-80         22709         -51,6                       16736
49,50         30-54         7-82         22913         -50,9                       16903
50,00         30-32         7-83         23120         -50,4                       17073
50,50         30-15         7-79         23432         -51,5                       17245
51,00         29-97         7-74         23788         -52,0                       17416
51,50         29-79         7-71         24101         -52,9                       17595
52,00         29-65         7-70         24372         -53,4                       17772
52,50         29-43         7-71         24594         -54,0                       17954
53,00         29-27         7-71         24852         -54,5                       18140
53,50         29-08         7-67         25199         -54,9                       18318
54,00         28-93         7-65         25508         -55,2                       18499
54,50         28-82         7-64         25794         -54,7                       18682
55,00         28-63         7-68         25945         -54,3                       18867
55,50         28-43         7-68         26204         -54,3                       19056
56,00         28-19         7-69         26442         -54,4                       19248
56,50         27-98         7-66         26783         -54,8                       19428
57,00         27-78         7-62         27154         -55,1                       19615
57,50         27-65         7-60         27463         -55,0                       19801
58,00         27-46         7-60         27725         -55,2                       19986
58,50         27-30         7-59         28018         -55,7                       20173
59,00         27-07         7-56         28361         -55,7                       20367
59,50         26-93         7-50         28797         -55,9                       20555
60,00         26-79         7-44         29248         -56,3                       20745
60,50         26-64         7-37         29759         -55,9                       20933
61,00         26-49         7-29         30263         -55,8                       21115
61,50         26-41         7-21         30813         -55,0                       21300
62,00         26-30         7-15         31296         -55,6                       21485
62,50         26-21         7-12         31675         -55,4                       21679
63,00         26-12         7-05         32205         -55,2                       21863
63,50         26-01         7-02         32595         -55,8                       22052
64,00         25-95         6-99         33001         -56,1                       22249
64,50         25-87         6-95         33437         -56,9                       22449
65,00         25-79         6-92         33860         -57,5                       22647
65,50         25-69         6-91         34197         -57,6                       22853
66,00         25-61         6-89         34634         -57,9                       23064
66,50         25-53         6-87         34995         -58,3                       23266
67,00         25-43         6-87         35315         -59,0                       23477
67,50         25-34         6-84         35760         -59,8                       23676
68,00         25-25         6-84         36088         -60,3                       23887
68,50         25-16         6-79         36628         -60,8                       24098
69,00         25-09         6-75         37118         -61,2                       24313
69,50         25-04         6-72         37574         -61,5                       24530
70,00         24-99         6-67         38144         -61,5                       24745
70,50         24-96         6-64         38655         -61,4                       24967
71,00         24-92         6-60         39145         -61,0                       25181
71,50         24-88         6-58         39596         -60,5                       25397
72,00         24-86         6-50         40324         -60,1                       25602
72,50         24-81         6-19         42129         -61,7                       25661
73,00         24-72         5-87         41378         -58,7                       24081
73,50         24-68         5-54         40865         -55,9                       22616
