0,50         45-24         5-26         503         19,7          46          414   P
1,00         45-19         3-52         1415         19,1          50          660
1,50         47-20         3-64         2030         18,4          54          906
2,00         45-54         4-52         2197         17,2          55          1151
2,50         45-40         5-05         2469         16,1          55          1397
3,00         45-56         5-44         2580         14,6          57          1541
3,50         45-63         5-85         2617         13,2          60          1655
4,00         45-82         6-39         2735         12,0          62          1847   P
4,50         45-75         7-03         2752         10,7          63          1998
5,00         45-72         7-56         2772         9,4          65          2122
5,50         45-58         8-22         2791         8,0          66          2267
6,00         45-17         8-69         2806         7,8          63          2366
6,50         44-74         9-31         2931         7,1          56          2576
7,00         44-24         9-90         2957         5,9          58          2695
7,50         44-02         10-53         3020         5,0          61          2845   P
8,00         43-74         11-23         3138         3,8          63          3047
8,50         42-59         11-99         3196         3,1          61          3188
9,00         42-42         12-39         3346         1,9          60          3372
9,50         42-56         12-70         3415         0,9          59          3466
10,00         44-22         12-94         3527         0,2          58          3595
10,50         45-59         13-13         3672         -0,1          53          3752
11,00         47-48         13-26         3790         -0,5          47          3877
11,50         48-74         13-41         3927         -1,1          44          4023
12,00         49-72         13-32         4087         -1,1          40          4174
12,50         50-42         13-17         4274         -1,8          38          4345
13,00         51-27         12-98         4445         -2,6          36          4496
13,50         51-90         12-80         4617         -4,1          36          4645
14,00         52-09         12-55         4808         -4,7          36          4800
14,50         52-37         12-41         4988         -5,9          35          4956
15,00         52-53         12-28         5168         -7,3          35          5109
15,50         52-79         12-12         5359         -8,6          35          5268
16,00         52-96         11-99         5551         -9,7          35          5427
16,50         53-02         11-78         5753         -10,2          35          5579
17,00         53-20         11-58         5970         -11,0          33          5740
17,50         53-53         11-37         6196         -12,2          32          5904
18,00         54-04         11-12         6434         -13,2          32          6060
18,50         54-21         10-78         6722         -14,5          31          6225
19,00         54-42         10-39         7041         -16,0          30          6385
19,50         54-49         10-09         7349         -17,1          30          6547
20,00         54-67         9-73         7693         -18,6          29          6700
20,50         54-77         9-39         8055         -19,9          29          6856
21,00         54-91         9-08         8432         -21,1          30          7013
21,50         54-93         8-76         8839         -22,3          29          7170
22,00         55-06         8-44         9274         -23,3          28          7323
22,50         55-09         8-19         9686         -24,6          27          7477
23,00         55-15         7-92         10143         -25,9          27          7633
23,50         55-25         7-67         10611         -27,3          26          7788
24,00         55-29         7-42         11100         -28,7          26          7937
24,50         55-30         7-21         11585         -30,0          26          8087
25,00         55-33         7-02         12054         -31,2          26          8232
25,50         55-31         6-86         12506         -31,8          26          8380
26,00         55-31         6-69         12989         -32,9          27          8523
26,50         55-32         6-54         13461         -34,0          27          8665
27,00         55-33         6-40         13940         -35,3          27          8806
27,50         55-33         6-28         14387         -36,4          27          8946
28,00         55-32         6-15         14877         -37,4          26          9086
28,50         55-35         6-00         15427         -38,6          26          9223
29,00         55-37         5-85         16008         -39,9          26          9358
29,50         55-45         5-71         16595         -41,1                       9486
30,00         55-43         5-61         17076         -42,5                       9617
30,50         55-44         5-54         17519         -43,9                       9747
31,00         55-41         5-53         17791         -44,9                       9883
31,50         55-39         5-52         18074         -45,9                       10024
32,00         55-36         5-51         18367         -46,9                       10169
32,50         55-33         5-50         18668         -47,9                       10318
33,00         55-26         5-51         18912         -49,0                       10464
33,50         55-18         5-52         19158         -50,2                       10616
34,00         55-16         5-49         19518         -51,5                       10765
34,50         55-15         5-48         19794         -52,8                       10921
35,00         55-16         5-44         20214         -54,1                       11071
35,50         55-19         5-41         20595         -55,3                       11218
36,00         55-20         5-36         21005         -56,5                       11355
36,50         55-21         5-36         21283         -57,2                       11498
37,00         55-16         5-41         21404         -57,1                       11650
37,50         55-17         5-40         21701         -56,7                       11798
38,00         55-27         5-36         22101         -57,4                       11934
38,50         55-42         5-32         22508         -54,7                       12062
39,00         55-60         5-32         22739         -52,0                       12184
39,50         55-82         5-34         22863         -52,2                       12308
40,00         56-02         5-38         22974         -52,0                       12436
40,50         56-19         5-45         22929         -51,8                       12559
41,00         56-34         5-50         23000         -52,1                       12691
41,50         56-51         5-55         23045         -52,5                       12821
42,00         56-76         5-58         23167         -52,7                       12948
42,50         57-02         5-64         23203         -53,1                       13087
43,00         57-29         5-66         23385         -52,7                       13228
43,50         57-56         5-71         23443         -52,6                       13374
44,00         57-87         5-72         23640         -52,5                       13510
44,50         58-13         5-77         23664         -53,5                       13625
45,00         58-35         5-81         23776         -53,8                       13753
45,50         58-56         5-85         23869         -53,8                       13895
46,00         58-81         5-83         24160         -53,7                       14030
46,50         59-09         5-80         24512         -53,8                       14161
47,00         59-40         5-78         24847         -54,1                       14305
47,50         59-68         5-82         24953         -54,6                       14450
48,00         59-91         5-83         25152         -55,1                       14589
48,50         0-24         5-83         25376         -55,2                       14729
49,00         0-46         5-84         25599         -55,2                       14874
49,50         0-69         5-83         25878         -55,6                       15023
50,00         0-89         5-89         25918         -55,5                       15158
50,50         1-08         5-91         26089         -55,6                       15315
51,00         1-22         5-91         26350         -55,1                       15453
51,50         1-36         5-91         26536         -55,4                       15578
52,00         1-51         5-96         26577         -55,5                       15711
52,50         1-64         6-03         26603         -56,1                       15879
53,00         1-76         6-01         26991         -55,8                       16059
53,50         1-80         5-99         27348         -56,1                       16232
54,00         1-98         6-05         27400         -55,7                       16396
54,50         2-10         6-04         27672         -55,4                       16543
55,00         2-19         6-06         27884         -55,9                       16710
55,50         2-27         6-05         28204         -56,6                       16887
56,00         2-36         6-08         28374         -55,5                       17058
56,50         2-49         6-10         28591         -55,4                       17219
57,00         2-50         6-12         28752         -55,8                       17381
57,50         2-57         6-11         29090         -55,3                       17545
58,00         2-67         6-11         29340         -54,7                       17706
58,50         2-73         6-14         29486         -54,4                       17869
59,00         2-78         6-16         29698         -54,5                       18031
59,50         2-82         6-14         30011         -54,7                       18187
60,00         2-86         6-19         30119         -55,1                       18363
60,50         2-92         6-19         30360         -55,3                       18526
61,00         2-97         6-20         30578         -55,3                       18677
61,50         3-00         6-21         30793         -55,0                       18817
62,00         3-06         6-27         30768         -54,7                       18965
62,50         3-10         6-32         30840         -54,2                       19125
63,00         3-11         6-37         30892         -54,1                       19306
63,50         3-13         6-47         30772         -54,1                       19469
64,00         3-09         6-55         30719         -54,7                       19651
64,50         3-08         6-62         30770         -55,4                       19854
65,00         3-05         6-66         30879         -55,5                       20027
65,50         3-04         6-71         30975         -55,2                       20207
66,00         3-04         6-74         31171         -55,1                       20405
66,50         3-00         6-82         31195         -54,8                       20613
67,00         2-96         6-87         31323         -55,2                       20817
67,50         2-96         6-91         31486         -54,8                       21021
68,00         2-93         7-01         31425         -53,9                       21232
68,50         2-88         7-05         31564         -53,2                       21435
69,00         2-86         7-09         31732         -52,9                       21632
69,50         2-75         7-19         31653         -53,8                       21837
70,00         2-64         7-22         31839         -54,1                       22033
70,50         2-63         7-28         31940         -54,1                       22238
71,00         2-60         7-36         31956         -53,4                       22444
71,50         2-59         7-46         31915         -53,3                       22648
72,00         2-50         7-55         31906         -52,5                       22852
72,50         2-42         7-61         31988         -52,2                       23052
73,00         2-33         7-67         32083         -51,1                       23261
73,50         2-11         7-69         32282         -50,3                       23467
74,00         2-01         7-79         32262         -50,7                       23671
74,50         1-92         7-82         32439         -50,8                       23862
75,00         1-76         7-86         32546         -51,6                       24050
75,50         1-69         7-88         32797         -51,1                       24265
76,00         1-61         7-88         33094         -50,9                       24501
76,50         1-57         7-91         33352         -50,6                       24757
77,00         1-52         7-95         33589         -50,1                       25026
77,50         1-48         8-01         33751         -49,5                       25288
78,00         1-42         8-08         33859         -48,7                       25520
78,50         1-37         8-11         33983         -48,0                       25684
79,00         1-36         8-20         33867         -47,7                       25807
79,50         1-23         8-29         33746         -48,0                       25933
80,00         1-11         8-26         34030         -46,9                       26072
80,50         1-01         8-32         34098         -46,7                       26266
81,00         0-96         8-35         34326         -46,3                       26504
81,50         0-88         8-37         34610         -46,0                       26767
82,00         0-74         8-42         34835         -45,9                       27058
82,50         0-63         8-45         35074         -45,8                       27333
83,00         0-53         8-48         35317         -44,7                       27579
83,50         0-40         8-56         35378         -43,7                       27802
84,00         0-27         8-59         35528         -44,2                       27987
84,50         0-08         8-60         35676         -44,1                       28142
85,00         59-98         8-60         35887         -43,5                       28296
85,50         59-89         8-65         35976         -42,8                       28485
86,00         59-68         8-62         36308         -42,6                       28681
86,50         59-84         8-25         37593         -42,6                       28771
87,00         59-82         7-88         36965         -47,0                       27337
87,50         59-82         7-52         36106         -51,1                       25756
