0,50         25-11         11-62         183         17,5          54          196   P
1,00         20-54         9-97         398         16,5          51          368
1,50         21-24         8-77         649         15,9          49          540
2,00         19-57         9-22         837         14,7          48          712
2,50         19-03         8-84         1076         13,5          50          884
3,00         18-31         8-43         1349         12,1          51          1067
3,50         18-00         8-04         1583         11,0          53          1205
4,00         17-72         7-56         1897         9,9          54          1374
4,50         17-51         7-21         2199         8,7          56          1530
5,00         17-26         6-89         2597         7,9          57          1739
5,50         17-25         6-63         2894         7,0          57          1875
6,00         17-64         6-43         3267         6,1          58          2061
6,50         18-15         6-41         3564         5,9          56          2239
7,00         18-48         6-37         3847         5,2          55          2405
7,50         18-60         6-33         4180         4,3          54          2597
8,00         18-58         6-25         4462         3,0          54          2740
8,50         18-63         6-11         4842         2,8          56          2913
9,00         18-76         5-96         5292         2,5          52          3117
9,50         18-86         5-85         5655         1,8          47          3277
10,00         18-94         5-74         6048         1,1          46          3446
10,50         18-91         5-64         6548         0,3          47          3673
11,00         18-70         5-61         6877         -1,1          49          3837
11,50         18-55         5-56         7297         -2,3          52          4033
12,00         18-45         5-48         7710         -3,7          55          4212
12,50         18-30         5-39         8147         -4,6          56          4386
13,00         18-10         5-27         8659         -4,7          51          4560
13,50         17-93         5-09         9269         -5,3          51          4736
14,00         17-75         4-97         9831         -6,4          54          4916
14,50         17-57         4-83         10487         -6,9          55          5104
15,00         17-37         4-65         11243         -7,7          52          5288
15,50         17-23         4-58         11829         -8,9          51          5479
16,00         17-09         4-43         12586         -10,3          51          5661
16,50         17-01         4-36         13217         -11,4          52          5850
17,00         16-95         4-24         13982         -12,6          54          6032
17,50         16-88         4-19         14583         -13,7          55          6221
18,00         16-79         4-09         15384         -14,5          54          6409
18,50         16-72         4-00         16161         -15,9          51          6600
19,00         16-63         3-93         16913         -17,3          48          6795
19,50         16-53         3-79         18007         -18,7          45          6982
20,00         16-43         3-77         18601         -20,3          43          7176
20,50         16-35         3-74         19264         -21,8          43          7380
21,00         16-28         3-63         20308         -23,1          45          7572
21,50         16-23         3-59         21045         -24,6          46          7766
22,00         16-16         3-57         21698         -25,5          48          7970
22,50         16-14         3-55         22376         -26,8          50          8175
23,00         16-12         3-48         23345         -27,5          52          8375
23,50         16-10         3-42         24306         -28,5          52          8567
24,00         16-06         3-40         24947         -30,1          52          8764
24,50         16-07         3-39         25629         -31,5          52          8960
25,00         16-05         3-38         26238         -33,1          52          9159
25,50         16-01         3-36         26948         -34,7          52          9359
26,00         15-96         3-34         27711         -36,2          52          9562
26,50         15-92         3-32         28463         -37,6          53          9767
27,00         15-89         3-31         29138         -38,5          53          9976
27,50         15-83         3-27         30087         -39,6          52          10182
28,00         15-78         3-24         30989         -40,5                       10385
28,50         15-72         3-20         31915         -41,5                       10587
29,00         15-68         3-16         32979         -43,1                       10785
29,50         15-64         3-13         33858         -44,9                       10983
30,00         15-62         3-14         34403         -46,2                       11188
30,50         15-58         3-09         35473         -47,6                       11387
31,00         15-55         3-08         36300         -48,9                       11589
31,50         15-51         3-10         36670         -50,4                       11809
32,00         15-43         3-05         37974         -51,7                       12015
32,50         15-39         3-04         38756         -52,9                       12226
33,00         15-34         3-00         39912         -54,0                       12429
33,50         15-28         2-95         41116         -55,1                       12622
34,00         15-25         2-93         42060         -56,7                       12812
34,50         15-24         2-91         42891         -58,1                       13004
35,00         15-20         2-89         43894         -59,2                       13190
35,50         15-20         2-90         44314         -59,9                       13395
36,00         15-17         2-88         45293         -61,2                       13593
36,50         15-13         2-86         46204         -62,3                       13789
37,00         15-13         2-87         46721         -62,0                       13995
37,50         15-12         2-85         47747         -61,1                       14195
38,00         15-10         2-86         48339         -59,9                       14401
38,50         15-08         2-85         49103         -60,5                       14601
39,00         15-07         2-84         49897         -61,4                       14802
39,50         15-07         2-85         50541         -61,1                       15004
40,00         15-04         2-85         51102         -62,1                       15209
40,50         15-01         2-85         51850         -62,7                       15408
41,00         14-95         2-85         52519         -63,6                       15603
41,50         14-94         2-84         53270         -64,5                       15798
42,00         14-90         2-83         54111         -64,2                       15987
42,50         14-86         2-84         54557         -62,8                       16182
43,00         14-87         2-84         55298         -62,9                       16372
43,50         14-87         2-85         55727         -63,4                       16570
44,00         14-84         2-83         56716         -63,7                       16759
44,50         14-83         2-84         57134         -64,3                       16954
45,00         14-81         2-83         57969         -64,8                       17143
45,50         14-80         2-83         58556         -65,7                       17333
46,00         14-78         2-83         59297         -65,9                       17520
46,50         14-80         2-83         59912         -65,7                       17703
47,00         14-83         2-84         60313         -66,7                       17892
47,50         14-85         2-85         60701         -67,0                       18083
48,00         14-85         2-87         61024         -66,3                       18280
48,50         14-83         2-89         61359         -66,1                       18487
49,00         14-81         2-88         62131         -67,1                       18685
49,50         14-83         2-89         62660         -67,9                       18888
50,00         14-80         2-88         63426         -68,7                       19084
50,50         14-83         2-88         64070         -68,9                       19280
51,00         14-85         2-88         64738         -68,5                       19477
51,50         14-84         2-88         65379         -67,9                       19672
52,00         14-85         2-90         65566         -68,3                       19879
52,50         14-84         2-90         66246         -67,6                       20088
53,00         14-81         2-91         66792         -65,6                       20299
53,50         14-77         2-90         67712         -66,7                       20496
54,00         14-76         2-88         68675         -65,8                       20677   P
54,50         14-80         2-90         68838         -64,9                       20875
55,00         14-83         2-88         70012         -63,8                       21055
55,50         14-82         2-89         70223         -63,8                       21239
56,00         14-78         2-88         71046         -63,9                       21407
56,50         14-75         2-88         71619         -63,7                       21584   P
57,00         14-80         2-92         71469         -61,4                       21786
57,50         14-79         2-85         73485         -60,5                       21940
58,00         14-85         2-89         73136         -61,7                       22125
58,50         14-86         2-90         73615         -62,8                       22314
59,00         14-89         2-92         73722         -63,4                       22517   P
59,50         14-92         2-92         74347         -63,6                       22716
60,00         14-94         2-90         75434         -63,4                       22894
60,50         14-94         2-92         75636         -63,3                       23088
61,00         14-92         2-92         76097         -62,2                       23271
61,50         14-96         2-94         76458         -61,0                       23474
62,00         14-97         2-93         77153         -60,7                       23685   P
62,50         15-00         2-95         77594         -60,8                       23906
63,00         15-04         2-95         78073         -60,8                       24125
63,50         15-07         2-94         79024         -60,7                       24344
64,00         15-08         2-95         79519         -61,1                       24556   P
64,50         15-09         2-97         79799         -60,9                       24779
65,00         15-10         3-02         79311         -61,9                       25025
65,50         15-08         3-04         79653         -62,4                       25277
66,00         15-04         3-06         79788         -63,4                       25548
66,50         15-03         3-08         80333         -62,3                       25812   P
67,00         15-01         3-09         80786         -61,7                       26096
67,50         14-99         3-09         81788         -61,1                       26376
68,00         14-99         3-09         82669         -60,4                       26655
68,50         14-98         3-09         83536         -59,6                       26937   P
